19
12
10
15
8
10
16
11
8
19
15
11
18
13
12
11
14
15
7
13
8
14
13
10
13
14
8
13
11
10
11
11
12
17
7
14
10
14
16
9
11
15
14
12
9
10
7
15
9
15
18
10
9
17
7
8
15
9
9
15
10
8
18
9
8
10
9
10
17
12
8
15
11
12
13
8
17
8
10
17
12
11
17
13
6
13
16
13
15
10
8
16
14
6
17
7
6
22
13
15
10
9
10
15
13
4
11
14
12
12
5
12
13
8
4
18
11
13
14
10
16
12
13
19
7
12
23
9
12
19
14
14
16
11
10
18
16
15
10
11
14
13
14
15
14
11
10
22
13
20
15
10
5
20
16
15
22
13
9
15
10
15
19
9
12
18
27
25
18
15
27
17
10
28
18
16
19
13
14
16
12
14
20
7
11
21
22
11
13
17
22
14
16
21
18
12
13
20
9
7
12
14
15
20
8
12
23
27
20
13
29
22
11
19
17
11
6
19
9
10
19
15
22
31
17
15
16
15
14
15
13
16
9
9
16
17
9
12
19
10
15
15
13
10
15
14
15
21
16
12
20
16
19
11
9
25
14
16
20
10
19
24
14
14
14
22
25
12
16
9
20
26
32
19
18
29
25
25
17
12
9
11
14
13
14
24
11
15
20
14
29
17
17
4
20
21
39
30
34
24
21
14
26
30
24
30
11
23
28
34
17
26
22
27
19
15
16
25
30
14
14
34
35
31
20
35
28
31
11
21
12
37
39
25
31
23
9
12
25
18
18
17
35
28
26
29
41
21
24
40
18
16
27
24
35
38
19
29
30
21
60
29
42
37
23
10
14
22
15
10
15
9
14
19
12
13
13
11
13
13
11
19
11
16
21
15
17
22
13
11
18
10
16
24
12
17
16
10
22
32
54
28
37
26
35
33
12
33
16
9
20
17
18
19
20
23
27
11
11
21
12
11
31
43
25
38
31
40
24
21
10
17
22
37
45
36
34
40
18
32
15
11
13
38
31
26
40
18
28
41
38
26
26
22
50
20
53
37
33
16
16
29
14
34
39
40
34
46
33
20
16
37
33
43
72
26
14
20
47
31
25
21
39
21
16
41
24
8
16
28
41
38
41
25
50
53
33
36
33
36
51
21
9
10
20
17
15
11
27
39
23
31
30
47
21
37
22
33
42
41
38
