16
14
17
20
13
21
19
19
17
20
14
19
17
18
17
19
13
16
17
21
18
13
16
20
22
14
21
13
11
21
15
20
15
21
18
15
24
16
19
18
18
17
17
19
20
20
17
17
20
15
13
12
16
16
15
18
13
20
16
21
16
23
16
18
22
15
19
18
22
15
21
18
24
15
17
21
20
17
25
16
19
18
19
14
21
25
11
14
17
14
17
17
15
22
21
18
16
12
16
24
21
15
26
21
19
21
20
25
21
21
24
14
15
20
16
24
22
13
18
21
17
28
14
21
18
14
19
18
24
19
11
16
14
16
20
22
14
12
16
23
18
14
20
17
12
18
21
15
17
21
19
19
17
17
18
18
15
16
16
18
24
17
16
13
17
18
13
16
21
18
23
20
17
19
22
21
23
13
24
19
10
17
14
16
20
23
15
13
16
16
19
20
23
15
20
15
15
18
22
16
20
18
19
16
13
17
18
15
19
16
17
11
20
13
23
16
11
20
20
16
26
11
16
21
14
20
16
20
21
19
11
27
17
15
14
21
13
19
21
15
16
16
19
20
16
12
19
15
14
19
17
15
18
16
15
22
20
11
18
17
18
26
19
19
18
11
17
13
18
19
25
14
18
19
14
23
15
15
19
21
20
12
18
18
15
22
27
17
22
13
17
20
18
20
20
17
20
17
22
15
24
25
30
17
22
18
19
14
19
15
22
17
22
21
20
26
22
23
14
16
18
17
19
20
19
25
18
16
16
17
20
17
17
20
16
18
19
13
25
18
16
17
22
23
16
21
20
19
25
12
13
29
20
16
12
14
16
9
21
14
19
20
19
29
13
14
20
19
18
18
20
23
17
17
19
23
15
14
16
18
20
21
19
16
17
19
19
15
20
17
15
17
22
15
15
25
20
21
18
16
13
18
18
18
17
19
15
21
17
19
19
20
18
23
22
24
20
21
24
13
17
18
16
19
21
22
19
19
27
15
22
19
21
15
17
19
15
19
23
15
24
18
13
19
17
26
16
15
21
15
21
18
17
23
19
16
22
17
18
18
15
17
19
14
19
20
16
20
20
15
13
19
15
19
20
15
23
19
17
17
16
19
16
22
23
21
26
24
19
22
19
17
17
19
19
25
21
20
20
19
29
15
14
18
18
20
17
22
18
20
20
22
23
21
18
19
15
24
20
16
16
21
17
20
21
17
21
18
23
20
21
15
20
18
15
20
15
19
20
18
14
18
16
17
15
13
15
23
15
