30
25
25
37
36
32
35
34
24
34
34
34
30
27
31
35
26
37
29
24
35
29
26
34
32
28
25
25
26
24
32
34
32
41
31
31
28
30
36
34
32
36
31
29
32
39
25
35
27
30
37
36
25
33
34
29
35
31
32
35
41
29
30
30
25
28
33
33
31
35
31
25
22
30
33
29
29
35
37
35
35
34
29
36
33
32
32
32
36
34
27
33
26
26
32
35
31
30
32
34
34
34
34
39
21
51
33
32
36
27
33
33
31
32
34
26
40
39
32
35
27
28
29
34
31
28
40
33
36
33
35
34
35
34
19
31
36
33
32
37
29
32
24
38
43
36
34
30
28
33
28
33
37
29
31
35
31
36
22
38
35
30
35
36
27
34
32
22
29
33
30
28
35
35
35
27
28
28
31
32
32
36
35
35
30
33
25
32
37
32
42
39
35
34
38
32
35
41
34
42
30
26
36
36
32
29
32
33
29
38
31
24
31
38
42
33
28
36
35
31
31
37
38
44
29
35
28
34
38
32
25
25
33
29
28
29
32
22
25
37
31
32
40
33
34
27
26
28
31
36
35
34
36
27
31
29
32
40
41
23
33
30
45
34
30
37
27
26
32
37
39
28
28
42
30
40
36
39
34
43
21
28
36
28
34
32
35
39
29
28
34
38
31
38
30
38
27
28
40
32
26
34
31
28
40
32
43
37
39
38
