33
32
26
35
39
29
36
32
45
53
31
36
46
40
48
45
37
30
34
30
31
24
32
40
34
42
63
33
32
40
28
39
27
40
54
27
34
32
38
47
40
38
30
46
29
36
18
34
23
27
35
38
43
33
22
28
29
39
32
22
38
27
19
20
28
33
41
22
23
38
49
40
37
46
20
41
33
24
35
30
39
28
24
24
26
29
41
40
39
52
30
37
33
33
40
20
31
29
32
32
28
38
23
40
38
35
38
28
45
35
35
28
36
31
35
32
32
33
27
30
44
40
30
27
17
30
36
43
35
32
33
57
35
46
46
23
35
36
24
32
28
40
33
36
44
23
34
35
30
32
35
34
29
28
37
33
30
26
30
45
45
30
26
34
21
31
25
30
35
27
31
24
32
39
26
24
26
31
40
44
40
28
31
34
32
25
37
30
26
24
39
42
44
37
29
23
37
46
31
24
32
29
27
41
41
47
40
23
43
33
38
46
30
37
47
41
29
22
23
39
37
40
23
35
43
33
32
24
48
28
35
42
42
42
38
29
37
32
36
51
49
37
28
32
25
37
37
26
43
43
42
28
45
38
37
29
29
27
27
40
38
28
38
32
37
41
45
34
33
29
37
33
39
35
31
21
45
24
14
44
45
36
38
49
23
39
43
36
29
32
31
42
48
