44
33
42
41
43
39
40
48
39
45
40
39
44
53
44
61
40
45
41
44
34
44
41
38
52
46
41
46
46
50
46
43
50
48
44
54
49
49
34
37
39
46
45
53
52
37
58
47
41
33
56
38
44
44
54
37
41
41
48
52
47
44
49
39
44
47
37
44
42
54
45
46
36
50
39
51
43
49
47
47
45
50
41
31
27
38
42
34
37
44
42
42
44
44
42
46
34
42
42
34
45
56
38
52
36
48
55
38
39
45
43
43
35
49
33
56
48
46
45
52
48
40
46
41
46
48
42
44
46
43
44
41
39
44
38
39
55
43
40
45
41
40
45
43
39
50
53
48
41
39
44
49
46
39
32
35
46
50
42
43
39
38
37
36
38
51
54
38
47
39
39
50
41
50
53
44
43
41
47
33
43
43
39
29
44
33
49
53
42
47
38
55
35
39
41
47
45
35
48
45
43
56
51
44
48
53
44
40
35
48
37
36
50
41
47
37
41
46
47
42
45
47
52
46
50
48
49
44
35
