30
25
23
42
29
35
35
27
51
30
24
32
32
31
20
40
26
25
27
30
34
27
38
26
35
32
25
30
30
24
23
35
40
37
31
37
53
35
32
25
27
36
22
39
41
36
21
35
39
35
29
42
34
26
46
26
38
24
30
35
23
30
22
26
16
39
37
16
33
24
28
35
34
22
29
40
35
37
33
32
29
23
25
22
25
25
24
38
27
37
22
21
24
19
23
25
30
23
35
25
27
35
38
22
26
25
26
24
22
39
27
28
28
31
28
34
25
29
36
26
22
35
26
19
24
30
23
45
24
32
34
29
30
22
34
30
24
25
29
27
19
28
26
17
37
30
27
37
32
28
23
34
31
29
22
36
27
28
24
29
20
48
24
26
34
33
24
30
30
39
23
23
31
35
32
33
31
17
20
24
30
32
26
31
22
21
32
31
29
22
26
21
29
23
16
21
31
24
30
29
21
30
32
21
21
22
22
20
25
22
32
29
20
25
28
21
31
22
22
27
22
19
18
20
23
18
30
34
33
28
15
15
24
19
23
33
28
20
22
15
38
26
27
24
17
25
19
28
22
25
27
28
25
32
27
27
25
39
23
21
22
23
26
25
18
31
18
29
28
31
28
27
26
33
23
27
30
25
22
27
33
21
31
31
25
19
25
31
26
26
27
35
30
23
19
23
26
21
24
20
38
26
29
28
26
17
40
37
30
18
27
23
27
24
27
33
39
34
21
28
24
13
29
18
19
24
26
32
29
24
18
19
14
22
20
25
28
33
21
19
24
15
37
30
18
32
21
32
28
24
22
29
19
27
30
29
31
30
23
22
21
27
31
25
