15
13
11
26
20
19
16
20
15
20
16
12
16
16
18
20
20
16
15
19
17
18
15
19
17
14
17
17
17
11
19
15
21
18
16
16
20
14
15
14
19
18
21
21
16
15
17
17
19
17
16
14
23
21
13
11
15
18
19
13
20
16
15
24
20
14
18
11
12
16
14
16
16
18
13
15
16
19
15
18
19
12
19
21
17
18
17
19
20
16
10
14
17
15
15
22
14
19
19
16
17
19
10
18
16
13
21
17
14
23
13
16
17
21
14
23
21
15
17
14
16
19
21
14
17
15
15
22
12
19
15
17
23
23
19
15
19
18
19
14
10
16
18
20
19
25
20
14
14
16
21
19
17
18
19
18
21
17
17
15
15
16
13
15
15
15
12
19
13
12
21
17
19
19
12
22
17
13
15
20
15
21
16
18
20
18
18
19
10
14
19
16
20
15
14
18
12
13
14
16
16
27
15
11
20
15
18
17
19
16
21
13
12
19
14
19
19
17
22
17
17
17
14
19
18
13
17
20
18
14
12
16
19
21
12
18
22
16
18
17
23
16
17
17
20
20
14
21
22
13
24
23
18
19
14
22
21
18
15
12
17
15
15
14
21
13
19
19
17
20
19
13
18
15
16
18
13
18
21
16
16
17
22
16
15
15
15
21
22
13
21
19
18
20
16
13
21
17
12
22
17
20
18
18
23
19
10
16
16
17
16
19
16
17
18
19
21
17
18
21
18
18
17
22
14
19
19
18
15
19
18
19
18
24
26
17
13
23
15
20
24
19
13
16
19
16
19
18
19
13
14
15
19
16
17
16
13
17
17
17
17
18
16
19
14
20
16
20
15
20
17
16
21
18
17
19
17
20
16
13
15
24
17
22
22
16
20
17
25
23
23
15
19
23
26
15
23
19
14
21
17
19
15
18
20
23
21
17
19
18
14
18
20
11
21
20
18
14
17
20
21
12
17
17
16
15
16
18
13
25
16
16
23
20
22
25
16
29
15
19
19
14
22
24
12
18
18
16
21
25
16
20
20
14
20
22
16
14
21
20
27
21
15
15
18
20
18
19
20
19
22
23
15
22
23
21
19
15
20
22
17
16
18
21
20
12
17
20
14
15
21
16
15
18
21
25
20
23
19
18
22
20
24
17
13
16
10
19
16
22
18
25
18
20
19
16
20
17
16
17
23
18
16
15
18
18
18
22
16
24
18
18
13
23
16
21
15
17
23
15
17
26
16
20
20
16
19
9
17
23
15
15
18
16
19
17
11
19
19
20
17
14
19
14
24
18
25
