23
17
13
19
13
11
16
20
12
13
22
16
21
15
14
10
14
18
14
17
12
11
19
19
15
22
17
10
19
15
18
13
9
12
14
16
10
12
16
19
21
12
17
17
15
10
8
15
21
16
17
15
15
18
21
15
15
20
15
14
11
13
14
17
14
19
13
21
15
19
10
12
9
12
26
13
17
17
13
16
14
19
15
13
16
15
14
13
16
14
11
14
11
12
19
19
22
15
14
15
19
16
13
15
15
14
15
15
18
14
13
9
16
15
18
15
12
16
15
13
20
18
10
18
17
15
13
22
16
17
14
9
14
12
17
16
12
17
13
17
14
14
11
17
15
9
20
15
17
19
11
15
13
13
14
16
18
18
15
15
17
16
16
13
24
17
16
15
16
16
15
15
14
12
19
16
23
12
19
12
19
17
18
23
17
14
14
17
13
18
15
17
25
15
19
16
21
11
16
12
12
16
14
16
23
16
15
22
14
10
20
13
17
15
12
14
16
12
14
15
13
16
14
17
13
22
15
12
14
19
20
19
22
20
16
24
28
13
17
23
14
16
13
14
17
16
11
18
13
12
16
23
11
14
15
10
15
17
16
18
18
19
15
17
12
15
14
10
16
15
14
28
20
18
19
23
13
25
17
16
21
15
12
16
13
18
16
15
17
23
13
16
15
15
19
15
21
15
15
18
14
13
11
14
14
19
11
20
23
20
13
11
17
19
16
24
17
14
17
18
16
20
14
11
18
16
12
27
19
14
12
9
11
19
12
15
15
15
18
19
16
14
18
15
13
17
17
16
15
12
17
13
14
14
15
12
18
17
16
11
15
19
18
16
15
13
23
17
15
18
15
15
25
14
20
21
13
14
19
20
23
16
23
15
14
18
16
22
14
16
21
13
18
19
18
11
15
14
10
17
22
20
20
18
11
18
19
16
17
12
16
18
18
16
23
12
19
12
11
17
14
20
20
16
15
21
18
13
19
15
15
15
15
16
21
16
19
23
18
13
23
16
12
20
14
15
13
14
19
16
18
18
12
17
11
20
13
18
16
19
17
15
12
19
12
17
16
11
18
19
13
22
18
15
14
18
17
19
19
14
21
23
14
14
19
16
16
14
11
16
14
15
15
12
15
14
17
17
17
15
17
19
18
20
18
18
15
23
18
13
20
15
18
25
14
22
25
16
18
17
15
12
25
18
17
19
13
14
16
21
12
14
16
14
14
16
14
21
15
16
16
25
16
19
17
20
22
12
24
22
15
16
21
11
20
16
18
15
12
11
14
11
21
21
18
10
18
11
20
20
16
21
20
15
14
18
20
16
18
18
18
17
15
22
17
18
14
19
16
11
14
20
15
19
20
14
18
16
12
16
20
13
13
16
20
23
16
25
19
19
16
14
16
22
19
10
16
11
