32
10
10
8
6
13
15
8
13
9
4
10
12
10
19
11
5
15
14
12
14
18
8
13
9
8
12
3
7
11
8
14
14
8
10
14
7
13
8
11
13
15
8
22
8
7
11
11
8
15
12
12
11
9
9
17
15
9
13
12
14
14
9
11
13
7
11
12
10
18
8
16
16
5
8
18
9
7
16
7
7
14
10
10
9
11
12
8
9
11
4
9
14
4
12
12
11
5
13
10
10
16
8
6
10
9
12
17
10
11
15
8
13
22
10
11
13
11
9
15
7
16
15
10
18
11
12
11
8
9
15
10
9
15
12
12
11
10
9
8
7
19
11
10
14
12
8
22
9
8
14
13
7
11
7
6
18
10
8
13
13
12
15
9
17
13
12
26
16
13
11
13
13
19
8
5
16
8
5
15
13
11
17
12
13
17
14
15
17
16
15
19
11
14
12
15
19
12
13
18
10
12
22
13
18
21
13
15
19
9
10
14
11
8
10
12
9
14
9
10
18
16
12
17
15
15
19
11
16
19
17
13
15
10
18
10
12
24
13
11
24
11
11
25
13
8
19
15
13
16
9
13
15
10
11
23
10
11
19
10
11
23
8
16
19
14
13
17
14
14
18
15
18
17
12
24
15
15
25
15
13
26
18
13
22
13
20
14
15
14
18
13
11
27
10
19
20
17
11
16
13
7
23
12
24
19
17
17
14
8
20
13
9
21
14
20
25
8
16
19
12
18
17
13
11
26
12
9
18
13
11
17
11
11
13
13
12
21
14
10
12
14
11
17
17
17
13
10
11
16
11
28
10
12
24
14
18
21
8
10
14
15
11
20
12
7
13
13
20
12
12
15
17
19
10
18
10
9
16
13
14
10
17
18
21
13
30
13
10
19
14
17
25
14
18
21
17
9
30
13
14
25
18
11
24
12
15
24
12
17
17
10
12
21
15
13
20
11
18
21
9
14
16
13
16
14
15
10
15
18
19
17
10
13
18
13
17
21
13
27
13
12
25
14
12
18
14
16
18
9
11
20
12
15
9
15
13
19
10
13
23
7
7
13
11
13
16
9
10
18
13
7
20
12
14
11
19
23
9
12
26
18
13
18
7
14
22
11
11
25
16
12
25
16
13
23
16
12
17
17
12
12
11
12
17
10
17
18
17
15
16
24
14
17
14
11
15
13
18
15
21
19
16
11
23
18
7
20
10
15
12
13
15
29
17
9
18
12
7
17
10
17
19
12
17
19
12
13
17
11
10
9
8
17
22
8
14
16
12
10
15
12
5
18
14
13
15
14
22
11
25
20
23
11
19
17
24
21
14
11
21
10
16
15
18
8
19
10
9
19
11
12
16
12
8
22
13
15
12
10
8
15
13
13
18
14
12
25
14
14
12
7
9
14
11
20
15
18
28
16
16
20
14
11
19
9
14
26
11
12
27
11
10
18
16
8
22
12
15
18
12
14
18
13
16
12
10
15
15
8
13
21
11
12
13
17
14
20
14
12
12
11
11
9
8
19
13
7
21
14
17
23
11
15
21
12
14
20
16
12
19
10
8
31
15
9
19
12
13
24
15
9
16
16
13
11
12
9
17
11
10
20
9
14
19
19
15
11
13
15
18
14
