15
14
17
10
9
16
11
12
12
9
11
18
14
12
18
12
8
21
12
9
16
10
9
13
21
17
11
12
12
15
10
11
17
10
11
21
10
18
9
11
22
10
11
25
11
7
18
10
10
23
13
12
16
10
13
16
11
19
17
16
13
12
7
13
17
16
15
14
12
10
17
13
17
21
13
14
21
15
12
21
15
18
18
17
9
16
11
19
15
13
23
15
10
21
16
14
17
11
13
22
13
9
14
12
13
14
15
11
13
15
12
12
12
12
18
12
16
15
13
16
27
13
13
19
15
21
10
15
29
18
18
27
18
14
18
10
12
20
20
15
23
10
12
16
12
15
15
13
15
20
9
13
22
14
15
17
13
14
14
13
14
21
15
13
17
14
20
11
18
21
12
18
22
7
15
16
13
14
16
17
11
15
12
9
15
14
10
11
11
9
23
14
9
18
10
14
16
22
23
13
11
21
17
12
21
15
11
23
13
12
20
11
12
16
14
14
21
13
14
21
14
16
28
12
13
25
21
14
16
20
11
19
21
19
19
17
16
20
14
26
13
13
27
13
14
23
15
16
17
16
16
23
22
13
17
18
20
18
20
10
16
17
21
15
21
15
14
19
15
19
11
15
18
19
26
13
11
24
13
18
20
12
16
19
10
14
17
16
13
15
11
10
30
12
11
20
11
17
17
12
12
12
14
15
15
10
14
19
16
19
19
12
27
15
9
21
14
16
22
21
14
21
10
19
10
12
12
22
16
10
19
18
12
21
18
14
16
7
18
13
18
15
12
10
15
17
18
23
16
12
24
16
19
28
16
15
25
23
19
20
15
10
18
17
23
17
14
17
23
15
14
16
18
13
14
17
11
17
12
16
11
15
17
16
8
15
26
12
21
29
11
19
17
9
20
10
19
22
14
15
24
9
12
19
11
10
23
9
15
20
17
16
19
11
14
19
15
11
14
19
15
13
14
17
19
10
13
21
9
23
18
15
9
15
14
19
17
9
23
16
18
22
16
13
22
11
10
27
10
32
20
23
12
17
12
9
21
14
11
24
10
12
12
18
8
15
18
13
17
17
15
14
14
20
13
11
11
12
14
11
16
18
30
16
9
22
18
19
23
17
17
21
13
10
15
11
13
16
12
16
14
11
18
21
14
14
17
14
10
15
9
12
16
14
9
25
12
16
20
12
19
12
17
26
17
15
21
10
17
23
20
11
25
9
15
21
9
14
19
9
12
19
17
11
24
21
15
16
11
15
20
15
10
20
13
13
18
9
10
20
13
13
13
15
20
22
12
22
17
14
16
13
20
28
17
9
20
18
14
22
18
11
20
17
13
17
11
13
23
13
16
16
9
14
17
14
10
16
15
19
20
10
10
19
16
13
19
15
15
14
8
18
11
17
23
11
15
20
14
17
21
12
17
26
14
10
25
14
8
20
15
16
16
16
16
17
11
17
16
12
6
25
