28
19
20
22
17
15
25
13
17
19
25
14
25
19
19
15
26
19
25
15
15
19
28
22
11
24
17
26
17
21
30
12
28
21
20
23
26
18
17
22
18
17
20
20
18
14
19
19
22
17
17
15
23
22
18
23
16
29
19
23
15
19
29
26
14
22
25
20
28
14
15
23
19
17
11
19
17
15
15
16
19
19
16
17
16
29
22
12
22
20
18
27
28
11
21
21
13
24
17
24
20
25
18
13
18
22
24
21
18
16
17
22
15
19
20
16
25
17
16
19
23
19
24
17
21
14
16
20
28
19
21
18
16
18
17
16
17
23
15
20
17
25
18
22
14
22
15
23
21
19
13
24
13
15
18
16
17
24
22
7
18
20
21
23
15
17
26
21
21
13
20
14
29
20
16
21
18
20
17
16
15
14
9
24
20
15
17
16
24
27
26
20
13
20
15
14
24
22
27
33
22
31
12
21
11
19
24
23
16
19
14
17
22
18
16
17
17
19
26
27
25
24
18
17
25
21
20
17
15
15
17
11
17
17
26
27
23
17
18
14
17
26
16
17
17
21
17
16
20
19
20
20
28
13
17
25
28
15
15
17
17
27
21
17
14
19
16
20
22
20
26
18
26
21
19
18
17
28
17
16
15
25
28
20
25
19
18
17
26
13
24
24
15
16
16
19
18
21
14
26
20
21
14
16
16
20
22
11
19
17
15
20
20
31
20
19
25
18
20
21
14
14
27
13
26
28
18
15
22
20
25
23
21
20
21
18
15
23
22
32
12
23
15
22
26
18
18
10
21
24
17
20
19
15
15
20
22
20
16
19
27
27
23
22
23
20
20
20
15
27
29
15
25
19
17
23
20
21
26
23
16
18
20
21
17
17
18
22
9
15
22
18
16
20
13
14
18
16
27
21
25
24
16
14
27
33
19
16
25
21
20
26
19
31
23
23
22
28
15
29
12
17
23
40
22
22
21
24
28
10
12
25
17
15
24
37
15
19
19
19
15
24
17
19
18
18
23
20
15
21
22
24
21
19
17
17
19
23
14
10
22
25
25
21
21
24
22
16
14
12
19
22
28
21
18
16
19
22
35
19
15
24
26
20
18
15
20
22
24
24
18
16
23
16
8
28
17
25
20
19
17
17
17
20
21
19
