42
37
53
37
25
34
42
43
34
34
39
48
35
41
49
50
46
41
44
37
51
40
39
50
48
51
31
46
37
41
46
54
42
48
50
46
47
53
54
43
61
34
51
40
47
50
42
54
40
42
35
33
48
43
33
34
44
50
37
39
49
51
50
34
44
35
30
46
41
37
48
38
44
52
46
39
45
51
38
40
44
45
53
33
40
41
49
41
38
46
45
41
39
37
49
46
41
48
43
40
51
40
44
41
54
42
52
32
52
35
36
46
40
41
41
45
34
43
40
37
42
44
57
38
48
57
37
48
45
34
38
44
28
53
45
53
44
30
40
42
49
41
58
50
30
47
39
46
48
49
47
33
49
41
37
41
47
34
37
45
39
38
35
43
43
47
46
45
45
46
43
39
40
47
42
35
41
54
39
40
53
46
30
30
39
43
39
47
43
52
35
41
46
50
48
43
42
41
42
42
41
43
41
38
46
31
28
44
45
42
35
40
36
34
41
34
47
63
59
40
44
46
34
58
46
48
45
35
42
55
40
60
52
