45
39
39
45
40
48
36
32
37
41
51
35
44
33
34
36
42
38
34
33
46
40
40
42
33
38
49
49
31
30
40
36
40
37
29
41
36
36
40
47
28
35
56
35
41
37
47
48
49
31
33
41
34
31
28
32
37
42
38
34
48
49
32
46
42
27
45
44
37
43
40
44
50
31
33
39
49
38
53
31
36
41
48
38
30
34
48
40
32
41
40
29
40
44
33
43
44
45
54
34
39
43
34
39
35
43
35
38
43
47
38
44
43
53
36
45
27
27
36
30
37
25
40
49
52
45
50
34
32
41
46
34
52
40
30
49
40
53
48
38
39
38
37
43
24
49
36
23
51
46
29
42
43
41
42
36
41
47
40
34
39
39
51
38
34
35
26
36
57
44
38
40
43
46
33
44
36
26
47
34
45
27
42
30
54
44
28
44
59
47
38
36
34
40
48
40
41
54
42
41
43
46
43
40
43
34
31
41
45
35
32
33
38
50
32
35
30
39
29
41
40
37
47
41
43
36
31
33
40
30
39
45
50
40
45
41
30
33
32
43
39
39
36
30
37
39
43
28
38
43
42
40
46
39
