31
17
16
13
15
7
17
13
12
26
12
12
20
13
8
17
16
11
14
11
6
15
14
14
10
8
10
28
20
16
9
9
17
15
10
15
7
11
18
13
11
15
18
10
17
15
13
16
14
4
13
9
13
19
8
14
8
10
18
8
10
15
10
11
18
12
17
23
20
15
11
19
12
19
12
10
19
10
10
15
23
19
9
12
12
14
12
14
9
11
23
13
11
25
14
17
21
19
14
14
17
9
18
16
11
11
8
17
19
12
12
15
11
13
12
14
14
21
18
17
16
9
22
15
19
23
12
18
21
16
12
13
20
19
26
9
12
14
17
19
21
13
11
18
20
16
14
9
28
22
13
11
8
14
11
21
16
13
19
25
18
19
23
10
20
16
20
17
14
17
19
13
23
15
15
23
14
14
20
16
17
19
11
14
19
16
10
23
28
18
28
18
12
18
10
13
14
10
15
16
10
10
14
11
12
17
12
19
20
13
15
14
15
17
8
15
22
13
15
15
23
11
13
10
11
17
12
9
21
15
12
11
14
12
12
11
18
18
18
9
17
16
15
11
14
30
17
16
20
29
14
11
23
20
28
19
13
14
10
18
25
19
11
22
18
13
24
21
23
20
12
16
26
13
14
17
17
23
16
12
11
21
13
14
17
15
16
17
12
11
17
18
9
16
15
13
23
21
18
9
14
12
20
12
20
11
11
19
15
17
25
14
12
24
15
14
12
10
16
15
13
17
18
14
12
22
13
13
14
11
9
21
19
12
24
16
13
18
14
9
14
11
16
15
12
20
19
15
26
29
17
25
17
15
23
15
17
15
22
26
24
17
9
18
15
13
17
20
10
14
21
9
22
11
14
11
13
12
18
10
13
21
13
11
18
7
22
19
6
17
14
11
24
21
16
20
12
8
19
8
14
21
10
15
16
18
11
13
14
9
17
17
9
19
14
19
25
16
15
25
19
14
20
14
18
13
13
12
18
13
14
17
14
21
17
14
17
14
13
22
12
12
25
11
16
30
14
11
20
10
18
19
13
18
16
22
14
24
20
15
19
18
20
16
9
14
15
16
13
23
13
12
25
17
23
25
12
29
13
15
19
14
20
24
13
11
27
14
23
19
22
16
19
17
15
19
14
14
24
21
12
21
33
11
18
11
12
17
16
12
23
7
17
26
13
16
17
16
9
21
12
20
14
20
26
14
13
22
17
14
21
15
11
14
11
23
24
23
13
20
14
13
23
12
18
12
9
16
18
15
18
16
19
19
22
16
17
23
12
15
18
23
22
20
14
16
32
13
16
9
20
17
16
10
27
10
16
25
11
14
22
13
12
17
14
9
24
10
17
20
13
19
20
18
13
14
11
15
14
16
11
16
15
11
15
9
14
25
11
13
20
15
20
19
17
26
12
17
28
14
14
18
18
20
22
18
14
20
