38
38
41
48
46
51
42
41
34
48
40
32
33
41
45
45
47
40
64
37
37
39
43
42
43
46
32
50
44
47
32
50
47
43
36
38
45
46
57
43
43
45
39
55
40
44
45
49
36
38
40
41
43
35
51
51
42
57
39
52
46
37
42
48
48
41
50
50
51
45
52
48
42
34
42
39
37
41
41
33
48
48
52
50
49
38
59
56
37
45
40
48
50
41
50
41
40
40
43
44
46
52
42
38
37
31
51
50
48
44
42
42
57
42
36
51
38
54
47
43
43
28
36
43
52
48
43
38
44
42
40
39
53
45
38
34
38
43
45
53
40
49
36
46
46
52
45
49
51
50
33
45
39
35
52
53
51
35
51
48
57
52
46
43
52
46
50
35
40
40
53
63
42
47
43
39
58
39
40
41
54
45
61
41
51
39
55
35
42
52
52
46
26
55
31
43
43
61
44
47
50
44
50
44
50
37
42
43
54
43
52
45
40
48
48
45
45
41
52
47
44
46
39
48
44
