30
13
19
16
13
12
18
12
13
7
15
14
6
16
9
9
16
9
9
12
14
12
15
9
7
14
8
9
19
16
10
9
8
10
18
16
15
10
11
17
12
12
14
13
11
17
8
11
12
15
6
12
7
11
16
12
7
15
11
13
8
9
12
17
4
15
11
12
15
19
12
15
13
10
14
6
8
8
7
9
18
9
10
16
10
10
13
12
10
16
13
11
8
10
13
9
10
18
11
10
14
14
9
9
20
15
8
10
10
16
9
14
10
9
20
8
12
11
9
13
19
9
8
13
8
10
15
11
11
12
8
11
15
15
9
15
13
8
6
13
20
6
7
12
12
10
13
14
10
12
10
9
17
10
17
14
8
10
8
17
11
22
9
11
12
16
18
12
14
14
17
14
19
8
11
11
10
15
19
12
16
22
11
15
15
6
11
17
7
10
15
13
19
18
16
14
17
12
9
9
15
9
17
14
17
10
11
16
11
11
17
6
10
8
5
14
22
14
11
13
10
8
21
6
16
14
9
12
14
12
13
18
11
15
13
20
12
18
12
13
14
9
13
16
13
16
16
11
14
15
11
9
11
12
15
8
15
20
19
11
26
13
12
16
11
15
18
13
14
9
11
8
12
12
12
14
12
17
11
17
11
21
13
13
18
9
12
19
14
10
19
14
12
20
23
10
11
21
20
17
18
22
12
12
20
14
16
21
10
9
30
12
7
23
18
10
17
12
12
19
16
9
22
10
16
15
18
14
16
15
14
15
11
13
19
13
12
14
15
13
17
8
10
12
18
14
11
21
24
7
13
21
18
11
25
7
22
22
17
21
44
16
25
17
15
14
20
6
26
19
13
11
21
7
13
17
15
14
14
11
10
17
13
10
16
13
21
21
27
19
18
9
25
16
14
19
17
15
16
19
16
27
13
14
19
15
22
12
18
17
11
13
9
22
15
19
18
25
13
17
16
9
16
16
15
14
13
12
19
16
11
21
14
10
17
17
15
18
10
29
5
13
22
13
17
31
16
17
24
11
12
15
16
16
20
13
10
11
11
10
12
11
13
10
14
16
12
15
13
18
11
14
16
11
9
16
13
8
17
14
12
11
12
18
11
14
18
9
14
27
19
19
22
10
15
14
20
39
16
11
13
20
18
12
19
15
25
17
8
14
19
7
15
18
10
10
13
14
10
17
18
14
20
13
13
15
13
20
8
15
26
10
11
10
15
6
24
11
13
23
9
18
17
17
7
20
11
14
17
11
14
16
15
11
17
11
16
22
13
11
15
11
9
20
9
17
14
9
15
17
13
19
21
17
12
10
7
13
8
8
18
15
8
19
19
10
24
16
17
23
8
15
16
9
6
17
13
11
12
11
8
12
12
11
16
15
14
20
14
12
14
10
10
11
10
16
14
9
15
22
11
12
15
11
12
15
17
10
17
13
15
17
14
17
10
13
25
23
10
20
15
17
22
17
13
25
15
15
25
20
32
24
8
20
18
14
16
23
12
7
17
15
13
14
16
14
22
17
15
19
10
16
13
13
15
14
19
21
18
14
12
24
19
23
20
22
21
29
8
21
13
14
23
10
11
23
9
11
15
10
13
30
