27
21
24
27
19
23
22
24
23
30
22
18
17
20
16
26
20
22
28
23
19
23
16
22
24
23
28
25
24
26
23
16
18
18
23
24
28
23
17
18
25
24
18
24
19
16
14
24
18
24
22
23
22
20
19
17
22
30
28
30
29
16
23
25
24
21
23
21
18
22
21
25
22
21
19
21
22
19
20
15
19
20
26
23
22
22
26
17
20
20
20
25
22
24
30
18
21
16
37
18
21
23
23
36
24
17
26
24
19
18
26
15
19
24
23
24
26
15
22
31
20
20
21
22
23
25
20
26
19
23
26
20
17
22
18
24
22
23
23
31
27
24
23
13
33
25
19
14
21
14
28
24
22
25
20
19
21
25
18
23
22
19
18
22
21
21
25
30
27
20
20
30
25
20
16
17
30
15
24
21
16
19
22
22
22
22
22
31
13
25
15
23
23
21
31
19
16
18
27
26
18
26
19
18
32
24
23
25
18
23
26
32
29
19
24
19
21
15
23
27
19
24
25
14
21
22
25
25
26
16
27
14
21
16
26
19
22
28
19
20
21
17
29
28
28
26
19
23
24
22
13
28
23
21
25
23
28
25
22
19
21
21
19
19
26
33
23
15
26
23
26
24
20
21
21
30
19
24
22
22
26
15
24
24
26
24
21
16
16
20
21
19
29
18
17
19
17
27
21
20
25
19
24
24
15
18
19
22
19
18
20
28
27
27
23
23
30
23
28
20
11
26
21
14
15
22
34
28
24
14
20
20
24
20
28
20
15
24
24
20
27
23
21
19
23
23
23
18
16
22
18
21
33
19
22
17
26
20
22
22
17
26
22
18
23
22
26
23
25
18
24
23
24
16
19
26
17
23
15
20
24
20
13
23
21
19
30
25
16
23
19
32
26
20
26
24
23
23
19
24
14
19
26
26
15
16
17
22
19
22
20
16
27
29
19
26
26
20
27
26
15
30
23
23
25
20
17
27
29
28
22
20
22
25
23
24
18
23
24
24
22
18
18
18
24
19
32
20
20
25
27
20
22
