28
27
38
36
30
32
28
44
25
31
44
35
38
23
42
26
33
27
36
37
30
30
37
33
35
36
38
32
32
29
34
21
39
34
43
37
31
26
44
24
36
38
41
33
30
24
30
39
31
32
32
30
31
28
32
39
30
38
37
31
33
30
35
42
29
43
28
26
27
26
36
27
29
34
41
27
42
23
29
23
28
38
25
24
32
29
26
25
29
33
35
30
36
30
31
21
33
28
41
36
26
31
35
52
35
39
28
27
45
39
29
34
30
39
48
39
32
41
27
29
32
31
35
27
29
37
31
36
31
34
26
40
36
35
33
33
37
30
36
30
41
43
25
33
30
35
37
45
32
33
31
34
43
29
38
39
30
33
41
28
39
31
29
42
35
37
33
39
32
40
37
37
41
42
42
49
28
35
30
41
42
36
35
27
42
39
35
54
31
35
39
25
44
36
34
32
48
35
37
35
35
30
33
40
39
32
47
35
38
37
39
34
32
36
39
42
28
30
27
38
33
31
41
27
34
34
31
38
23
39
25
39
34
37
38
29
46
34
19
40
32
33
34
38
38
35
38
37
30
29
26
44
36
28
42
24
32
28
43
33
22
38
31
26
46
26
30
40
39
33
24
35
32
35
39
32
24
32
29
38
39
31
32
40
35
39
35
35
33
24
30
29
31
36
40
29
