17
21
20
26
20
26
34
16
20
24
21
25
26
19
13
23
16
25
18
18
30
23
23
27
17
29
20
25
34
18
25
21
21
19
24
22
21
23
24
24
17
18
28
15
24
24
32
20
19
21
21
26
21
20
19
26
23
23
19
14
18
28
25
22
30
25
22
20
28
19
24
19
27
25
27
17
18
20
16
21
15
17
30
13
21
21
21
21
23
14
20
16
26
16
22
19
26
23
20
23
17
23
21
31
26
31
13
21
16
17
20
22
15
17
23
19
18
18
26
24
20
17
20
21
15
26
17
27
25
26
15
22
20
18
33
24
22
23
19
23
24
23
16
29
33
25
29
20
21
22
22
15
20
21
20
16
22
18
26
23
24
21
28
22
19
17
21
21
23
21
18
20
21
18
23
23
27
28
26
20
16
19
21
24
25
21
19
24
18
16
25
25
14
18
17
16
22
26
19
23
20
15
13
20
21
15
23
16
20
25
24
19
17
28
18
19
28
24
19
19
24
24
17
16
25
18
22
13
19
29
17
21
27
22
23
30
20
24
16
23
23
18
23
23
23
16
17
24
11
23
22
13
15
25
13
16
22
19
22
28
22
19
21
28
26
16
36
15
22
28
15
19
20
20
24
22
12
17
21
18
19
28
28
16
24
18
25
23
26
27
22
19
19
21
12
16
22
28
18
16
23
14
29
26
19
15
17
18
19
15
30
26
24
25
22
23
20
26
22
23
17
25
27
37
21
25
15
16
28
21
18
21
27
24
18
25
17
13
18
19
13
26
24
23
12
21
19
19
17
26
30
25
23
19
32
22
18
20
23
19
27
26
17
31
24
21
22
18
13
24
21
22
20
21
20
14
17
18
17
17
20
18
16
17
24
26
19
22
18
22
21
19
23
19
20
19
23
23
24
23
20
24
20
18
21
24
16
27
24
22
32
16
20
22
20
24
15
19
24
22
16
13
24
18
28
19
24
20
24
24
17
21
20
15
21
18
25
14
29
19
17
22
26
21
18
30
17
20
29
18
13
20
19
18
15
18
14
20
24
20
21
24
21
18
21
20
17
24
19
22
20
15
