9
11
20
7
18
8
15
19
12
12
17
16
16
15
17
15
17
14
19
23
11
10
17
10
10
25
9
10
17
12
17
41
22
18
25
18
8
12
11
6
17
11
14
18
12
17
17
13
27
20
13
19
16
11
14
19
10
10
15
9
14
7
7
16
23
16
15
12
6
17
12
10
11
9
18
8
13
9
20
11
6
18
12
10
6
16
14
12
11
18
15
15
23
8
13
19
11
10
21
15
8
19
12
12
19
11
12
23
12
12
16
17
10
15
20
10
15
13
14
11
12
11
14
20
11
22
17
12
12
21
16
18
15
18
19
11
24
17
13
20
14
11
21
11
13
17
16
14
14
15
15
13
16
13
19
7
9
12
11
11
12
15
11
8
24
9
12
12
7
14
18
14
21
8
12
15
13
12
14
17
21
22
10
27
8
16
19
12
13
19
11
13
17
15
11
20
11
11
15
16
8
23
13
16
17
17
6
24
12
11
24
18
20
13
19
17
14
16
14
18
17
22
13
13
23
17
11
22
14
11
23
21
12
12
15
18
12
14
10
20
16
13
19
13
17
13
13
11
15
11
14
17
18
15
19
13
16
14
10
19
18
9
13
17
9
16
17
11
25
16
13
25
15
12
22
22
18
23
11
20
28
14
18
20
18
28
20
13
17
20
9
16
20
11
15
15
17
26
19
23
15
20
12
17
15
8
19
12
22
23
16
20
20
13
11
20
17
10
23
13
12
20
16
12
19
15
11
12
12
16
19
8
17
22
13
17
15
13
17
20
17
17
12
10
10
12
19
17
15
11
19
18
12
21
17
21
18
11
13
26
11
12
16
13
7
19
16
11
20
16
17
17
17
12
21
18
9
19
18
12
15
13
14
20
15
18
23
12
12
24
11
27
14
11
23
13
20
14
12
16
19
13
13
14
16
15
9
13
24
11
15
15
21
23
15
18
14
15
20
12
10
21
10
8
22
16
13
17
13
18
14
12
28
16
21
22
21
16
31
18
17
22
16
17
28
18
20
22
11
8
21
13
11
23
11
12
15
20
12
23
17
14
17
15
8
24
26
16
17
9
16
27
16
14
10
14
21
8
13
23
15
12
24
11
13
28
13
17
22
15
10
23
19
12
18
11
13
16
21
13
22
15
12
14
9
15
21
22
14
14
10
18
18
15
17
20
15
20
12
17
29
16
7
18
16
19
23
18
14
21
13
17
21
15
11
20
11
12
20
17
14
19
11
17
12
22
9
12
16
22
17
9
16
12
20
12
23
12
19
30
17
21
16
18
19
16
15
24
9
12
30
14
16
21
12
15
24
14
16
24
19
19
21
15
12
24
11
20
25
14
15
14
15
22
22
23
13
18
15
17
16
24
25
20
17
12
11
9
20
14
13
19
14
15
21
17
16
31
12
10
22
8
12
20
11
15
22
13
16
23
12
16
15
18
