73
32
82
80
32
49
52
60
67
45
67
46
43
70
48
51
54
49
46
45
62
66
40
54
57
39
41
41
52
42
36
44
60
94
47
70
48
47
55
59
51
88
93
47
53
69
44
45
50
54
50
67
54
39
31
63
38
70
73
88
35
31
27
40
47
46
39
38
60
49
71
92
46
34
82
66
55
98
30
72
56
61
56
80
29
33
37
27
36
71
30
51
47
83
46
32
67
81
60
57
97
73
49
32
40
41
91
74
34
45
44
48
69
32
55
40
40
42
37
45
55
46
37
57
66
35
34
50
28
52
59
41
92
80
59
36
67
72
63
60
48
46
56
61
32
35
55
43
43
84
60
48
53
70
73
81
52
37
75
61
24
61
42
68
43
49
45
60
111
70
62
51
53
49
47
31
39
69
49
38
62
42
47
61
78
59
