56
47
78
66
31
105
58
57
80
44
45
43
68
64
99
40
43
46
49
37
50
53
48
53
55
48
44
65
50
37
65
51
67
48
64
63
111
39
52
44
60
48
40
45
50
55
44
58
46
59
29
55
43
41
43
43
51
70
69
71
54
50
48
54
54
79
81
61
60
52
57
63
55
51
49
42
55
71
66
54
58
42
58
61
28
55
59
42
68
47
59
38
43
47
61
53
50
69
44
115
35
46
64
84
36
49
64
49
58
43
80
83
47
47
67
35
36
86
113
70
56
46
51
41
42
49
75
54
34
46
66
43
77
49
48
43
72
52
60
44
39
55
46
49
64
56
55
63
37
50
49
47
42
68
42
62
58
49
47
85
42
62
40
45
44
73
48
59
58
57
49
46
45
39
50
39
50
44
34
60
41
56
53
54
