28
46
37
34
83
78
65
63
58
62
33
39
53
39
57
35
43
61
75
54
33
45
68
48
53
93
49
48
47
41
35
42
75
51
38
39
57
50
40
62
37
89
115
59
94
131
66
50
51
47
39
49
41
59
43
95
50
47
43
39
50
38
47
66
47
47
47
31
41
45
69
65
32
42
49
29
69
74
111
58
73
41
62
56
39
51
56
47
57
49
57
47
80
51
39
77
80
46
40
44
39
89
59
37
50
52
50
55
50
48
53
52
47
67
51
36
60
42
46
39
34
73
42
42
54
66
60
42
50
55
82
90
57
41
53
49
44
86
98
42
74
42
104
65
49
37
36
51
56
46
61
49
45
49
57
61
63
39
61
52
87
61
40
54
58
98
63
56
47
72
76
46
69
82
74
69
45
30
40
52
46
43
