55
32
27
58
60
102
61
103
37
78
62
73
44
112
29
35
77
78
101
34
23
91
115
137
49
103
57
43
58
31
104
47
47
26
53
64
61
93
47
137
55
36
140
45
27
118
70
53
87
60
43
26
50
84
111
58
89
56
140
68
41
24
37
48
35
83
63
97
133
33
74
34
96
89
102
38
23
28
90
43
102
100
73
60
109
69
73
71
63
36
55
63
62
40
69
40
81
75
126
46
24
97
106
45
58
92
89
44
37
106
43
106
51
73
28
138
40
35
34
51
74
43
77
39
105
41
53
31
52
59
91
52
52
25
35
24
48
30
62
59
43
24
54
28
82
105
51
111
38
25
102
48
65
24
62
100
116
