56
59
23
16
12
8
11
19
12
11
15
12
10
14
11
17
7
11
16
15
12
20
10
8
16
13
11
7
13
13
28
21
11
17
8
26
22
21
11
12
8
12
45
27
16
19
13
9
13
13
9
20
11
11
12
11
13
15
9
19
11
12
15
17
17
15
16
9
23
16
15
20
16
13
13
16
10
18
19
15
20
13
10
21
15
15
21
15
11
18
15
10
15
13
11
15
12
11
16
16
11
14
13
19
11
15
22
10
11
14
12
11
17
18
12
15
11
18
10
15
12
22
13
12
16
12
11
15
13
12
22
11
11
15
15
13
17
12
12
17
7
13
14
14
18
12
10
19
14
11
19
11
12
17
16
16
17
13
8
23
19
16
19
16
15
13
21
12
19
13
13
22
14
12
16
8
7
20
9
10
18
8
13
18
13
7
21
20
18
15
5
21
11
9
23
11
12
21
11
15
13
10
16
16
9
15
10
13
12
16
12
14
17
12
19
20
14
13
21
20
8
23
13
12
14
12
8
18
18
15
16
13
15
22
19
20
15
5
24
11
12
22
9
15
18
12
16
24
12
9
23
11
16
26
17
10
14
18
30
16
15
9
15
6
13
20
10
11
16
10
11
17
13
11
14
16
18
19
16
24
18
12
23
15
10
25
18
12
18
9
16
17
15
14
15
15
23
20
11
13
13
11
17
18
16
14
26
17
13
23
18
10
21
9
15
25
9
17
17
16
9
12
19
21
19
21
22
11
16
23
16
17
27
11
16
26
8
11
19
13
11
20
10
13
13
16
10
19
16
16
22
20
18
21
12
21
16
9
16
17
17
13
19
17
15
16
17
18
22
12
18
5
11
30
19
10
18
12
13
20
16
15
24
19
13
18
15
15
9
25
12
28
16
12
15
16
9
20
17
12
13
21
12
17
15
19
22
19
25
17
10
12
13
16
19
19
10
25
14
21
27
12
14
20
14
14
29
9
11
26
11
8
25
11
15
18
11
12
20
14
15
15
8
13
15
22
14
12
13
16
18
11
17
17
14
16
18
14
15
16
21
17
14
19
19
12
22
24
13
22
26
14
19
23
11
15
23
9
8
22
13
8
14
11
12
22
17
15
14
11
17
16
10
24
19
15
22
22
15
12
16
17
20
14
13
16
19
15
27
11
15
17
10
12
20
13
16
27
14
10
19
22
18
29
20
17
13
13
11
20
11
14
16
12
8
11
18
9
17
10
12
12
14
11
22
14
12
23
10
28
15
6
20
11
13
19
18
13
29
11
16
26
13
19
22
17
12
23
17
17
15
12
30
23
19
28
20
17
11
15
15
14
27
18
10
24
20
7
12
13
15
15
16
18
16
14
17
13
9
27
9
13
24
12
17
19
13
11
22
13
10
20
16
10
16
15
12
16
17
12
12
9
13
20
22
13
20
15
18
17
16
6
15
13
15
11
12
17
14
13
32
