53
61
50
43
48
78
49
64
50
62
39
54
70
46
45
75
46
60
54
53
47
43
66
59
69
69
41
45
38
79
46
48
47
51
45
31
49
36
49
41
36
42
49
39
50
37
43
47
46
48
96
52
99
35
41
54
39
45
79
77
71
68
68
38
32
22
46
40
62
51
58
41
43
51
41
71
55
41
48
58
37
38
46
46
45
40
43
45
46
37
98
30
60
53
46
41
70
79
55
52
47
51
45
54
81
59
55
50
60
29
50
55
77
94
47
51
51
79
42
43
54
58
58
31
55
76
50
81
44
84
53
48
47
52
28
32
60
64
48
59
55
48
51
64
55
55
64
39
47
50
27
80
45
54
52
76
35
57
32
68
60
49
38
45
42
61
47
65
53
40
66
58
38
47
48
36
50
50
64
62
48
57
83
28
70
48
50
53
43
42
53
