46
38
49
42
52
41
37
55
71
31
55
45
46
37
39
50
43
56
41
61
47
38
38
64
39
35
50
39
48
46
37
25
31
27
66
40
75
52
34
36
39
34
87
35
41
48
85
33
31
32
49
48
39
45
43
51
33
57
58
43
36
39
89
75
34
55
40
46
43
60
30
34
54
49
54
34
61
71
78
36
39
90
52
51
63
63
84
61
47
38
48
44
67
65
61
42
46
80
50
46
54
21
43
47
60
67
46
61
49
54
67
52
31
33
65
38
47
49
54
34
61
40
48
44
73
46
66
37
41
57
52
35
37
47
49
68
79
38
43
54
64
40
63
36
52
41
46
56
55
70
74
34
56
47
38
70
47
57
67
57
72
50
43
42
43
61
45
40
66
49
58
48
69
56
72
45
41
55
41
55
38
77
27
42
39
35
40
47
57
52
41
59
45
49
37
34
40
52
38
45
40
42
67
