30
21
28
17
24
16
19
23
23
15
22
20
16
19
29
30
19
24
10
10
25
20
14
18
16
14
29
20
19
17
17
16
23
12
11
26
25
16
25
13
22
20
25
18
19
19
18
21
16
23
20
20
18
17
20
26
16
20
16
25
20
22
17
20
20
21
17
19
19
17
29
13
14
17
16
14
15
13
20
18
11
15
20
11
21
18
22
17
20
11
12
18
17
27
16
16
24
13
19
25
19
12
23
19
18
21
18
15
24
15
18
15
20
17
19
14
14
22
18
13
15
18
17
13
22
12
35
16
18
20
11
19
19
21
22
17
20
21
15
20
15
13
18
23
16
24
25
21
20
23
14
15
23
15
18
21
20
25
23
21
19
21
16
15
19
12
26
17
18
35
12
15
26
16
26
27
20
14
21
11
14
29
12
18
22
14
16
15
20
11
14
16
14
13
20
22
24
20
15
24
10
24
18
12
23
16
13
28
15
16
20
15
22
29
13
18
22
17
13
13
18
18
17
15
17
19
15
15
15
10
18
13
18
21
17
11
15
17
19
25
16
15
21
15
14
14
17
21
24
13
18
21
21
20
22
17
18
19
25
20
16
13
18
20
16
18
12
16
18
19
16
23
18
20
12
17
13
24
14
18
23
16
9
23
13
11
18
13
21
20
17
13
24
18
16
18
19
15
17
13
12
18
17
17
15
15
13
20
21
12
18
17
17
18
16
30
16
16
22
19
15
26
18
22
24
12
24
15
11
18
21
14
19
22
12
13
20
17
15
20
15
17
15
12
10
16
19
22
23
18
13
16
13
16
22
19
27
9
19
19
16
14
21
18
12
29
19
11
26
17
11
23
15
13
19
19
14
23
16
16
22
12
15
17
17
20
27
17
17
22
19
13
20
17
14
18
13
20
15
18
19
13
19
25
18
18
29
16
21
21
14
13
31
14
12
25
20
21
21
10
20
21
18
23
19
13
20
15
9
14
17
15
17
16
20
28
21
20
23
17
15
18
21
14
18
13
14
25
13
15
28
12
15
22
18
27
21
15
19
26
14
16
14
24
14
18
17
16
11
20
21
20
20
17
14
18
23
23
15
21
16
23
20
15
19
13
22
16
31
18
21
22
19
23
28
20
26
33
22
20
23
13
15
27
15
18
15
15
20
24
16
13
13
16
18
18
16
21
21
15
16
15
18
12
14
17
17
14
18
19
22
18
24
23
9
25
19
13
18
16
16
31
21
16
22
15
11
20
