30
17
16
13
16
27
22
25
17
28
14
20
14
17
18
20
20
28
23
30
23
21
22
22
30
22
24
17
13
26
24
12
29
20
23
20
27
14
19
23
15
18
19
23
19
22
17
20
19
22
15
27
16
15
27
21
23
19
25
16
20
18
21
17
22
20
27
24
21
30
13
22
27
19
25
19
26
24
31
15
17
30
15
20
21
22
18
30
21
19
26
22
18
25
28
26
22
20
22
21
22
15
13
14
23
21
22
22
12
20
31
19
27
18
25
28
16
20
18
18
18
22
26
13
17
20
26
16
22
29
23
13
20
26
24
13
15
24
19
21
29
20
17
24
22
16
22
27
15
26
26
30
18
19
23
24
27
20
14
23
28
27
24
23
18
16
22
26
16
20
26
17
19
16
33
24
22
25
18
25
21
29
22
16
25
24
24
26
18
19
22
28
18
16
19
23
28
18
21
27
19
20
28
22
26
27
18
29
23
26
28
27
15
29
20
12
22
22
30
30
27
23
18
23
19
19
15
26
16
20
20
25
19
24
22
18
25
15
16
20
19
15
13
14
15
22
16
14
21
9
22
20
18
27
16
15
27
13
7
29
18
14
24
11
24
16
14
14
16
12
22
28
10
18
14
20
17
19
22
16
20
19
14
25
13
12
16
10
19
18
10
26
14
25
17
11
20
23
14
16
17
11
16
29
13
9
17
22
20
16
12
16
18
11
12
13
18
10
22
16
15
23
16
13
15
8
20
18
15
19
18
20
23
20
24
10
18
16
27
18
21
30
11
17
18
9
12
28
15
13
17
16
16
15
14
15
22
16
13
21
17
11
19
20
18
19
18
20
19
10
23
20
13
29
17
15
23
12
16
11
18
14
20
20
24
19
19
13
15
18
24
21
12
14
28
12
14
14
14
13
13
13
8
18
16
8
13
14
20
15
12
21
20
16
21
17
17
27
13
13
18
12
12
21
18
14
13
23
15
21
13
18
17
15
9
23
18
15
17
23
17
22
16
8
13
19
15
18
17
19
25
16
25
9
13
30
21
17
28
14
11
15
17
20
28
15
14
28
15
19
21
12
12
24
18
14
18
15
12
21
23
12
17
17
15
22
15
10
24
21
22
14
15
26
16
17
25
17
21
26
13
10
28
13
18
26
11
18
22
21
20
16
15
14
30
16
15
12
12
12
13
13
