17
8
20
18
13
19
17
19
20
14
8
17
12
13
27
14
17
11
19
19
14
15
20
21
16
10
19
13
13
22
12
16
14
19
16
15
20
20
17
19
19
20
16
13
24
17
15
14
19
20
11
19
14
21
14
11
19
19
17
19
14
20
12
18
19
17
21
13
27
20
15
18
15
18
17
18
16
12
12
16
16
18
19
18
26
15
15
19
12
13
14
17
22
12
17
16
15
14
16
13
13
19
15
21
14
13
14
17
16
18
15
15
21
16
13
14
14
15
17
15
22
19
13
25
17
15
20
16
14
20
18
20
27
17
14
23
19
18
12
18
18
22
10
23
15
13
18
17
18
14
20
22
20
14
14
14
14
16
16
17
16
18
13
15
19
13
18
12
12
15
15
13
14
14
14
17
21
12
14
15
14
17
17
10
14
12
14
16
24
19
17
12
20
11
18
16
16
13
6
19
19
21
23
16
29
14
16
16
18
18
19
20
17
18
22
14
15
12
16
18
16
23
13
19
18
21
14
18
16
21
21
13
14
17
24
15
18
11
18
14
17
17
16
20
17
17
17
20
33
20
16
14
19
16
17
16
20
13
23
13
21
22
12
12
26
14
15
21
20
11
17
20
16
17
13
10
11
16
18
13
19
15
16
20
18
16
12
17
15
16
16
16
14
17
15
12
15
12
15
26
16
17
16
23
16
16
9
21
14
15
21
17
15
23
10
19
14
15
11
16
11
13
26
19
20
24
15
22
18
18
17
19
21
15
16
18
15
19
13
18
19
19
11
18
14
19
16
12
12
21
14
15
17
14
21
14
13
23
20
18
23
16
13
26
19
18
24
22
13
17
17
20
20
13
24
13
15
18
14
19
10
11
18
23
26
14
13
20
21
12
15
17
10
17
17
17
21
11
18
15
13
20
14
17
23
14
16
20
21
22
23
16
19
21
18
17
19
15
17
24
12
14
18
16
16
19
22
15
19
18
16
14
16
14
17
14
16
26
13
22
17
21
17
15
24
24
13
24
24
20
11
19
11
17
16
19
20
22
15
25
18
16
18
22
9
18
21
18
22
15
18
27
18
18
18
24
13
14
21
17
22
19
14
18
18
9
18
17
15
23
17
13
13
23
17
16
24
18
34
17
16
24
20
10
22
16
15
18
18
18
27
18
20
18
13
16
21
15
18
21
17
18
12
12
14
10
14
27
19
13
15
15
17
14
23
16
17
18
20
16
13
17
24
12
15
19
19
18
17
20
15
17
11
15
20
24
14
25
14
15
21
17
13
11
14
22
22
17
18
16
22
16
20
15
18
19
16
17
26
12
16
16
20
21
22
13
16
