56
31
54
46
40
34
51
46
40
50
50
43
42
34
46
36
59
51
44
40
43
43
29
49
42
53
52
40
51
42
49
55
51
46
41
50
54
63
50
45
45
45
58
49
37
52
50
49
42
52
41
53
51
43
46
49
67
37
49
46
47
43
43
45
48
54
53
36
49
41
47
38
46
44
46
34
44
55
41
45
46
55
51
41
46
38
57
44
33
37
37
51
47
41
55
45
58
44
40
42
64
50
45
49
51
40
50
49
43
48
49
51
43
54
42
48
51
31
42
54
37
50
48
43
29
43
44
42
45
63
43
33
47
46
46
39
43
37
37
42
44
50
61
58
50
49
50
38
59
51
51
50
42
63
38
56
34
65
46
40
59
42
51
41
41
46
52
41
47
39
56
40
36
32
47
37
48
35
41
51
47
43
42
48
42
50
45
58
45
42
50
35
62
49
56
52
47
45
42
42
42
41
45
51
55
53
35
36
50
44
38
44
35
53
43
53
58
