24
14
23
11
18
16
9
16
11
14
16
19
27
16
12
12
12
16
18
19
8
18
13
23
14
22
17
22
13
20
18
11
15
18
12
20
13
18
24
18
20
19
12
22
11
14
18
16
17
19
24
14
10
22
25
25
14
17
9
15
16
15
13
12
15
7
18
21
16
14
16
13
16
21
19
15
18
16
14
14
17
13
10
16
16
18
18
12
18
15
22
19
9
13
12
11
11
15
16
25
21
13
24
13
15
14
21
23
17
18
26
15
15
18
13
20
17
18
13
25
12
15
12
19
11
21
12
18
16
10
11
22
20
19
18
12
20
22
14
26
18
22
18
13
10
17
11
13
19
16
11
19
22
13
27
10
19
21
14
13
20
16
13
14
20
12
22
17
16
11
13
18
17
14
17
16
12
24
19
19
19
17
15
21
27
16
16
14
14
21
17
16
14
16
15
29
19
26
24
19
23
17
11
17
14
20
13
17
16
11
12
21
32
14
14
13
15
18
19
15
20
13
15
15
24
16
24
17
12
20
14
11
16
16
17
12
18
16
15
9
15
11
9
21
15
18
16
15
15
23
15
19
16
12
21
12
21
11
15
10
21
19
23
16
21
13
22
13
12
17
7
11
18
11
15
15
11
22
18
15
27
19
13
19
10
16
17
19
10
13
15
16
14
13
11
16
14
17
16
20
16
16
9
11
19
12
12
24
20
11
16
16
17
15
12
17
14
10
23
15
24
24
20
18
17
21
10
11
20
15
13
14
18
20
10
10
13
13
18
15
11
16
13
12
12
14
15
14
13
19
15
20
12
19
14
18
20
12
13
24
15
18
15
16
11
19
14
14
21
15
17
10
15
10
20
14
16
20
17
18
18
16
12
22
15
18
18
13
20
21
14
15
17
15
16
13
13
14
13
18
19
16
12
18
16
14
20
14
9
16
13
16
19
13
13
15
20
21
16
21
16
11
17
10
13
12
8
10
13
12
26
10
13
14
14
15
20
20
16
16
10
17
14
13
26
21
48
23
15
12
22
17
15
26
14
20
13
15
17
21
15
14
10
16
17
24
11
14
27
18
13
19
13
11
15
15
11
22
11
17
17
18
14
15
12
22
13
17
10
17
10
21
13
19
23
21
14
21
10
12
15
13
7
18
18
13
14
9
11
16
23
14
10
13
16
11
12
12
20
15
11
15
14
12
14
12
22
12
15
20
17
14
15
15
11
20
15
12
16
16
16
20
15
14
18
15
10
12
14
11
15
13
17
13
11
15
21
14
9
18
10
14
16
8
21
15
17
13
11
16
12
20
17
18
13
9
20
15
14
13
10
13
16
16
12
15
15
11
14
9
10
19
15
10
18
14
11
13
13
14
17
8
13
28
11
11
9
16
18
14
20
10
18
12
18
21
12
18
12
11
21
19
9
20
16
14
14
12
17
16
