28
24
44
46
36
24
45
40
42
36
36
35
49
45
40
37
54
54
55
25
53
59
39
21
24
14
13
13
9
12
11
14
9
14
12
15
13
10
12
22
10
11
12
10
18
15
34
9
24
16
19
33
30
31
23
21
27
26
27
20
32
35
29
10
14
15
10
20
30
14
30
21
35
39
40
15
32
30
40
25
22
12
13
9
15
25
51
55
37
28
40
32
36
29
56
34
43
50
38
28
29
18
41
25
17
37
15
20
37
39
44
23
12
15
35
15
10
10
43
31
33
42
35
44
34
19
11
11
19
20
14
14
16
31
33
17
35
15
26
41
19
10
21
21
38
25
30
12
15
16
14
12
11
6
16
25
18
26
15
8
29
52
44
42
35
27
22
28
16
33
27
33
57
30
36
20
22
17
22
27
24
29
50
30
54
54
25
28
34
31
43
14
25
17
19
30
30
50
13
11
19
14
15
22
34
23
15
24
10
6
26
25
18
33
13
15
25
11
15
16
25
19
34
38
9
17
32
11
29
26
12
13
11
9
15
16
17
15
16
8
33
37
17
20
22
5
30
20
13
16
21
17
17
18
16
12
32
48
59
22
9
25
6
27
23
18
11
17
12
12
21
10
12
22
14
15
19
20
12
33
16
9
14
16
12
21
24
23
13
26
23
16
8
20
21
14
12
23
14
12
17
16
28
17
17
9
15
12
11
32
12
37
29
56
19
16
13
23
21
32
24
28
14
28
13
23
27
11
14
17
22
16
22
17
13
17
9
16
22
29
10
17
12
43
36
41
14
16
48
17
59
11
13
14
16
10
22
14
15
19
26
16
15
18
28
16
16
35
19
20
27
14
24
26
19
20
18
8
12
23
15
14
13
9
7
17
15
22
24
8
13
11
14
22
23
9
9
12
11
16
16
14
14
24
13
14
15
15
16
16
26
28
15
12
21
20
12
27
13
18
24
13
16
23
29
13
14
13
23
14
16
17
21
9
23
21
20
10
15
14
15
12
11
12
23
10
