47
40
55
53
49
41
54
57
49
56
47
46
68
67
50
51
61
50
63
52
44
62
62
56
52
64
57
53
44
62
53
51
55
67
55
44
48
48
51
62
51
52
51
39
51
54
64
60
42
50
49
47
57
39
40
46
56
53
46
58
62
54
53
51
60
56
46
47
61
49
61
62
61
61
70
47
50
49
42
54
55
48
52
50
54
44
55
50
52
51
58
49
49
65
71
48
49
55
48
58
39
58
61
56
55
47
55
66
49
48
52
45
53
56
49
61
52
71
58
65
57
56
58
55
54
43
54
61
42
58
45
47
59
57
51
45
54
49
62
48
58
64
47
46
54
59
52
53
49
52
50
47
74
56
57
54
66
46
65
46
58
54
53
51
57
58
54
38
62
58
48
56
75
73
62
55
57
60
60
59
55
50
66
59
65
63
