24
18
29
20
21
17
21
23
24
20
21
19
17
22
23
18
22
25
18
28
22
20
17
18
21
14
16
24
22
24
21
22
19
22
19
25
22
27
21
30
22
31
17
17
33
18
21
17
22
19
23
22
21
22
19
22
18
20
25
20
18
21
22
21
21
16
19
21
21
17
19
21
29
17
25
18
16
22
22
28
18
22
24
24
24
19
26
17
26
21
24
28
18
19
22
20
21
23
20
26
18
26
22
21
17
24
20
20
25
31
18
19
18
20
26
25
21
26
20
22
20
23
27
20
17
19
29
24
31
22
25
25
24
26
28
20
21
23
19
28
21
25
21
22
17
22
14
23
26
18
21
32
19
12
24
19
22
20
23
22
23
15
17
25
19
22
27
17
24
19
24
25
18
16
21
22
18
21
20
22
20
23
22
25
20
23
23
16
19
24
26
19
22
21
20
21
21
22
19
23
17
15
21
24
27
22
21
14
15
21
20
21
21
28
21
19
14
22
24
19
21
22
21
22
18
15
19
28
25
21
22
28
21
27
23
22
16
24
20
19
15
27
18
16
24
25
22
15
21
20
19
20
29
21
19
24
26
19
20
22
22
23
22
17
27
22
29
29
20
19
29
22
30
21
26
19
17
31
18
29
17
17
26
19
17
26
21
26
19
22
24
30
27
21
21
24
24
23
22
30
28
20
22
21
23
28
19
24
26
24
19
21
24
22
22
29
22
25
28
20
25
27
21
15
28
28
19
22
19
26
25
23
20
22
23
27
27
31
19
32
27
28
26
21
13
21
23
21
28
21
24
21
25
23
17
27
17
31
22
25
16
21
21
18
27
17
23
27
20
31
24
26
24
26
22
35
19
23
22
20
33
20
16
20
21
30
23
22
25
24
31
26
29
22
20
32
28
23
15
29
22
24
27
17
22
17
29
23
25
21
20
19
24
20
21
19
21
34
26
20
26
26
26
20
18
19
25
28
24
19
23
19
25
19
21
24
23
37
21
25
22
21
21
19
22
20
24
29
23
18
