18
13
17
12
12
19
15
10
20
15
12
15
17
18
16
20
14
19
22
14
16
15
15
20
14
22
16
15
14
18
14
17
15
17
14
18
25
19
19
22
19
18
26
19
17
17
18
17
15
16
19
16
14
15
19
17
16
15
17
15
21
20
16
20
14
14
19
24
21
18
21
10
23
22
21
17
24
17
14
17
19
21
18
17
20
20
16
26
22
18
18
18
19
22
19
20
20
15
20
16
25
16
23
20
25
13
24
19
17
16
16
16
12
20
18
14
22
18
23
23
16
26
24
15
17
22
20
15
22
19
15
16
16
17
18
14
14
16
21
17
19
20
15
17
18
22
17
13
15
16
19
18
16
16
16
17
26
17
15
20
19
15
14
16
12
16
11
18
16
13
23
17
14
19
18
14
17
16
20
16
15
16
22
17
15
19
14
20
18
15
16
17
24
16
20
14
16
15
20
17
19
17
14
21
14
17
18
20
15
20
17
19
23
21
19
15
19
20
19
17
17
17
20
22
15
19
17
25
25
26
21
21
15
18
21
19
23
20
18
24
19
17
17
19
23
18
18
20
18
15
19
17
17
22
20
20
18
18
16
26
17
25
14
33
17
15
15
19
17
15
15
15
17
20
21
18
18
17
14
16
19
18
18
24
16
19
14
22
16
17
25
16
20
17
20
21
19
15
22
19
17
16
14
17
21
13
16
18
12
24
20
16
16
22
19
23
22
14
15
16
20
17
19
21
20
19
25
17
17
25
23
24
16
16
22
14
23
21
19
24
17
16
23
19
22
23
19
22
17
18
15
23
26
18
17
17
21
16
20
20
20
18
14
17
13
20
21
20
26
20
20
15
15
14
13
15
16
26
18
18
19
19
24
21
13
20
20
18
21
13
17
18
23
28
17
14
16
13
17
19
18
27
15
17
19
17
15
14
23
22
21
12
15
24
16
18
20
13
20
18
16
21
21
19
22
15
19
25
21
20
19
12
14
21
18
22
22
13
18
16
18
16
19
18
19
15
22
18
20
16
14
22
23
14
20
15
22
15
22
22
20
17
22
16
13
19
18
17
26
21
20
16
21
16
19
23
15
23
22
14
25
20
13
20
21
14
24
18
21
18
19
15
20
20
16
14
17
18
17
17
18
19
24
17
24
21
26
21
16
15
19
16
15
23
17
20
19
17
25
28
19
26
16
18
22
22
22
33
20
19
19
22
20
21
27
21
14
12
17
20
16
21
21
11
