13
17
20
7
9
12
8
18
9
11
11
11
17
7
13
11
12
11
17
6
12
10
9
8
9
6
9
10
13
9
18
12
8
12
14
6
7
12
14
13
10
9
7
10
18
13
11
11
8
6
17
8
12
7
6
10
16
12
9
7
6
12
8
8
11
9
12
22
14
18
18
13
17
14
6
13
10
8
9
13
10
7
15
7
7
14
11
15
10
14
15
14
15
22
18
15
20
13
12
15
19
14
21
13
11
12
10
19
10
5
5
10
22
13
10
12
19
14
15
16
12
9
18
14
14
16
12
7
13
13
11
10
12
8
16
11
8
22
7
11
12
9
12
13
11
7
13
5
10
14
11
14
15
12
11
11
6
10
11
11
9
12
11
8
13
11
9
8
13
9
11
5
13
10
18
9
17
11
12
15
14
6
11
17
12
9
19
15
11
19
11
11
18
5
11
19
9
10
7
16
8
9
8
18
8
13
16
11
11
19
9
12
21
8
12
16
15
17
14
13
13
27
8
13
18
11
13
19
12
16
17
19
22
15
14
17
10
10
21
10
9
13
18
15
25
14
10
16
8
13
17
11
18
19
15
18
21
11
13
15
14
13
17
7
9
17
10
12
17
12
12
16
4
20
15
10
27
14
12
9
11
13
28
15
14
21
14
9
15
12
16
18
10
14
18
19
18
20
14
10
17
15
15
18
11
11
16
16
11
14
11
14
15
13
10
18
15
8
18
13
16
16
14
12
13
20
19
19
14
19
11
12
25
11
18
14
15
11
20
20
7
27
12
10
21
16
13
13
12
11
12
9
8
13
12
13
13
13
14
17
20
12
20
10
9
17
13
11
16
9
12
15
10
19
11
7
10
9
11
13
5
11
15
13
14
8
11
14
15
12
17
14
11
10
11
8
13
11
12
9
20
11
9
13
6
8
12
18
8
13
12
8
9
9
12
4
13
16
20
11
11
17
7
9
25
14
18
29
16
14
26
13
9
24
11
8
22
16
17
16
12
13
13
17
7
17
8
15
20
13
12
18
15
11
14
9
13
16
10
15
18
10
18
10
16
18
12
17
20
13
12
22
8
9
25
12
18
22
13
10
10
17
8
11
7
14
19
11
8
16
10
13
17
11
22
20
12
8
13
12
10
19
16
19
19
9
15
19
13
21
18
13
19
20
12
24
18
19
23
13
12
17
7
14
19
18
7
21
17
8
16
16
11
10
16
22
9
13
11
18
18
13
20
14
14
18
14
16
14
15
15
15
8
20
16
13
13
11
11
23
13
13
25
9
24
15
13
10
25
13
11
23
11
13
24
17
11
22
16
12
15
10
10
13
11
12
19
8
11
15
15
10
25
12
14
17
7
14
16
10
10
10
10
13
11
12
18
13
11
20
14
12
25
10
16
24
11
17
29
10
9
14
12
13
25
13
12
9
13
10
17
14
15
11
11
13
19
11
13
17
9
13
16
11
15
19
17
8
16
11
23
13
10
16
15
11
16
14
15
16
17
12
7
15
14
13
14
9
13
15
12
14
18
12
26
18
11
24
11
8
20
9
14
15
15
10
19
13
15
16
13
12
19
12
10
21
9
14
16
12
13
13
10
16
16
16
12
20
21
19
13
15
14
19
10
14
23
7
20
12
13
24
8
9
23
15
8
25
19
11
18
16
12
14
12
