7
11
13
15
6
15
14
8
13
16
10
18
18
9
16
9
9
18
7
13
10
11
13
7
14
19
13
12
20
9
12
28
9
16
18
13
10
16
16
7
14
14
9
11
14
15
20
11
10
12
10
7
13
12
14
12
8
10
9
15
6
17
12
15
12
11
10
14
8
11
6
12
11
9
11
21
8
12
17
10
17
14
15
8
11
13
7
14
9
14
16
12
9
21
12
8
17
9
13
11
10
12
15
11
14
13
11
14
15
10
17
9
8
20
11
12
19
10
15
13
13
8
11
9
11
21
17
12
14
7
12
19
12
14
13
15
11
14
12
10
13
11
10
14
15
15
18
13
13
13
11
12
20
12
14
11
13
17
13
17
21
17
6
26
11
8
13
12
12
13
13
9
14
12
11
14
11
15
13
10
21
16
20
13
12
10
11
16
14
10
10
8
12
12
17
9
13
13
16
17
13
11
16
11
20
12
12
23
8
15
15
11
10
11
10
9
15
12
11
14
8
13
14
7
15
11
11
9
20
14
10
16
9
15
11
11
8
15
12
8
15
11
11
15
13
18
13
12
15
9
10
15
15
9
17
11
12
10
12
13
20
14
11
14
13
11
15
12
7
12
7
12
10
13
9
14
10
14
12
8
18
17
12
12
15
15
11
9
14
16
9
15
15
11
13
20
13
8
22
12
14
15
9
13
15
12
12
15
13
6
12
14
12
15
11
12
15
15
10
14
10
9
16
10
14
15
14
12
18
13
11
10
9
16
15
10
14
15
14
10
11
14
19
9
12
20
14
13
22
13
14
10
20
13
11
12
13
10
14
9
16
18
10
11
12
13
16
14
10
9
13
12
17
11
10
13
11
11
15
11
13
15
13
16
19
10
11
12
10
16
14
13
15
10
12
21
13
15
17
17
12
20
15
7
17
17
9
15
15
9
19
13
15
11
11
12
16
13
10
16
12
11
13
9
9
18
8
15
16
12
9
11
12
11
12
15
23
9
11
13
15
13
17
12
19
19
12
10
12
13
12
13
14
8
14
10
10
16
10
13
13
7
9
11
13
17
7
15
10
14
9
13
16
13
14
12
11
20
7
10
23
15
7
24
9
15
19
7
11
19
7
10
14
13
9
10
10
8
12
9
16
12
12
11
15
8
8
14
12
12
11
9
11
11
11
13
15
13
24
11
13
19
9
9
14
15
13
17
13
8
24
15
12
12
10
13
17
13
13
15
10
10
10
13
15
11
8
13
12
13
12
15
11
11
22
9
13
19
15
10
10
7
11
10
11
15
11
11
16
16
11
14
9
9
15
18
10
12
17
10
14
12
14
22
14
9
15
16
10
16
14
13
10
10
9
15
12
13
15
9
9
13
15
14
14
17
11
15
11
17
11
17
21
9
11
20
11
12
21
14
10
15
12
13
9
10
14
17
10
12
13
11
12
15
11
12
9
8
15
12
11
10
7
12
13
16
8
11
13
16
15
14
10
10
11
15
10
14
8
14
10
7
10
10
13
10
13
13
14
10
11
16
11
10
13
11
11
12
14
7
21
11
12
17
14
12
15
16
14
15
10
14
15
10
12
15
14
11
11
12
20
15
10
12
16
11
8
20
15
10
9
15
13
17
9
9
17
11
10
16
9
11
16
10
17
15
13
16
16
11
22
10
18
16
15
14
19
12
15
16
9
11
10
15
13
11
12
9
15
14
11
15
11
11
14
16
7
9
10
11
16
12
10
12
13
13
16
16
12
12
7
17
16
17
15
11
15
11
15
