30
41
27
31
22
32
32
33
34
31
32
29
35
30
35
40
29
43
23
35
42
27
36
36
29
35
38
29
30
28
29
35
28
34
26
30
40
35
39
28
30
32
31
29
35
42
27
24
32
28
39
31
38
32
39
37
38
38
25
37
34
32
31
28
36
28
33
31
46
28
32
35
38
28
30
31
26
40
35
29
25
39
30
30
40
26
37
30
29
31
27
37
41
35
34
30
29
31
37
47
42
31
36
34
43
40
26
40
34
33
25
25
39
35
42
32
31
31
34
29
26
31
38
34
31
25
39
39
41
31
27
28
39
42
36
40
33
27
28
23
38
41
31
34
25
24
35
27
30
34
33
37
28
37
35
31
36
32
27
35
38
31
45
27
37
34
30
29
29
38
38
28
33
36
32
42
31
39
33
32
32
42
26
36
34
35
36
30
29
40
38
25
29
26
31
29
36
46
32
25
32
33
25
33
28
36
28
34
30
35
40
30
39
32
23
34
34
42
17
35
38
36
33
34
36
34
40
19
33
42
37
36
36
39
35
30
28
30
34
35
29
33
35
31
26
31
37
31
36
33
29
34
34
40
29
29
24
28
34
30
37
30
33
34
27
31
29
43
23
34
33
23
32
40
28
44
30
32
32
26
32
30
38
34
30
36
33
38
31
29
35
29
20
42
41
28
37
32
40
37
35
25
38
20
29
