50
49
56
61
53
49
50
43
50
42
61
46
57
50
49
45
42
45
49
38
52
46
46
50
43
50
42
50
38
42
56
44
48
49
45
50
75
43
63
55
46
38
46
42
43
44
58
54
44
47
53
48
65
51
55
36
46
38
45
43
40
45
44
43
55
47
36
52
59
48
42
49
53
45
45
42
54
46
45
54
59
39
48
47
46
64
41
45
53
34
55
51
47
53
49
48
41
54
52
43
53
39
32
45
57
50
44
45
53
65
63
47
42
51
47
40
51
45
60
50
44
40
46
57
45
41
44
54
42
48
49
50
46
57
57
41
44
56
49
44
46
39
38
33
47
42
36
40
40
52
41
48
46
61
49
47
49
48
47
49
36
48
40
39
62
45
50
39
48
52
61
50
45
63
44
51
37
41
60
44
48
43
48
44
57
41
49
55
45
47
48
56
47
40
54
41
49
51
51
56
39
38
40
57
48
43
61
44
53
