13
11
13
10
10
14
14
10
17
9
13
25
15
13
17
11
14
11
12
14
13
16
10
13
16
13
17
12
9
9
12
22
12
11
20
9
9
13
13
8
14
10
11
9
13
13
8
8
10
11
10
8
14
15
10
14
18
10
14
7
9
11
13
12
13
10
12
14
11
11
10
9
13
19
12
12
14
9
10
8
8
18
12
11
13
12
11
11
10
9
16
8
9
13
12
12
9
11
9
14
10
13
12
7
5
12
15
9
15
11
15
17
11
16
9
11
12
15
12
12
16
15
20
14
11
16
12
8
16
7
16
18
6
10
11
9
10
10
15
12
15
13
7
8
10
8
16
12
10
6
11
14
18
8
11
18
8
12
16
16
15
11
9
11
14
7
13
14
9
13
15
7
17
6
12
21
12
6
15
14
11
14
13
11
18
9
10
17
11
9
19
10
12
10
10
9
8
11
10
19
14
9
16
12
10
9
16
13
11
10
13
16
12
11
15
8
8
11
7
9
17
8
16
13
12
17
10
14
13
9
9
14
16
12
10
6
10
17
12
9
12
10
12
13
13
7
8
7
14
15
9
11
10
9
11
15
11
10
9
12
9
8
12
10
17
6
13
10
10
19
7
17
17
13
7
10
15
8
19
12
11
19
8
13
14
9
12
15
9
6
16
9
9
18
8
8
15
12
12
11
10
11
12
11
12
16
10
12
12
12
16
14
9
14
10
9
20
10
10
18
13
7
8
9
7
18
13
9
12
7
14
10
12
14
14
13
9
14
10
8
11
11
10
20
11
9
15
12
13
12
8
9
11
13
8
9
6
13
20
13
15
12
10
12
15
8
12
16
10
14
10
11
13
12
13
12
9
14
10
13
15
16
16
12
11
7
7
12
10
10
17
8
16
12
10
14
11
7
15
15
13
16
7
12
9
12
10
17
11
9
17
6
9
16
12
9
12
10
10
16
14
7
11
10
13
15
12
11
10
7
16
12
10
9
14
10
13
8
12
8
11
11
16
12
11
17
10
11
14
12
8
25
9
12
13
8
5
11
12
10
14
10
14
9
10
9
15
10
11
20
13
9
15
15
10
6
9
11
15
15
13
16
10
12
10
17
14
14
15
17
11
12
7
14
7
13
15
8
13
6
8
16
9
9
13
9
8
12
9
7
16
12
12
13
7
9
8
9
9
12
6
13
13
12
7
10
13
10
11
12
10
13
12
9
10
8
24
10
10
13
11
14
12
17
11
14
9
15
21
4
12
11
10
15
11
9
12
7
9
11
13
11
13
18
13
12
8
7
9
9
11
13
13
12
15
11
8
14
18
13
10
10
11
17
15
11
16
11
8
12
8
7
9
10
8
12
13
13
15
5
10
12
12
8
12
8
13
11
10
12
14
9
10
16
12
15
12
8
18
9
11
11
11
9
15
17
11
19
7
11
9
11
13
11
12
15
15
9
11
13
5
11
13
6
13
9
10
9
7
10
10
17
13
14
13
15
7
19
11
7
13
10
11
15
14
9
16
13
15
12
11
11
11
9
12
7
7
11
10
9
13
12
14
15
10
8
11
7
7
15
11
10
13
9
14
9
12
14
11
9
16
17
15
7
17
5
8
16
13
10
14
12
10
12
11
15
12
9
16
8
13
12
7
6
9
5
10
6
8
11
12
9
8
13
12
9
7
7
8
16
16
12
10
13
11
15
11
10
13
11
10
13
11
12
11
10
5
7
10
16
15
16
22
14
5
21
12
14
14
10
14
15
10
12
17
11
7
9
11
14
9
12
12
19
7
11
12
11
5
11
13
7
12
7
12
11
8
11
12
13
10
15
12
14
10
14
8
11
15
13
11
6
11
16
7
15
16
7
16
9
6
14
9
8
15
15
9
12
15
12
13
16
11
12
8
12
13
6
17
17
13
19
13
10
10
14
11
10
15
16
13
10
7
10
