21
17
17
17
21
26
16
20
18
19
15
16
17
14
27
20
23
12
22
17
18
14
14
18
20
13
17
15
32
24
26
20
18
13
21
21
16
14
17
23
20
17
22
18
16
23
28
20
18
28
17
10
21
21
25
13
21
22
28
23
14
18
20
19
19
13
25
18
15
18
21
22
25
29
21
15
23
15
21
21
20
18
17
22
20
15
17
23
19
24
21
21
17
24
12
27
18
20
25
21
16
16
18
20
18
20
18
22
16
19
19
18
20
20
22
22
23
24
23
20
19
23
22
16
21
17
15
11
20
21
20
13
24
22
19
12
24
28
19
16
18
19
14
19
22
17
27
17
21
26
27
22
18
16
23
21
22
17
17
25
15
20
17
19
18
23
20
26
13
18
22
22
22
23
20
23
20
12
17
30
24
24
14
22
13
19
22
18
19
28
21
22
19
17
21
19
19
18
20
19
25
26
20
17
13
28
19
25
22
21
22
22
23
13
21
20
22
16
21
16
32
21
18
17
24
19
18
18
25
21
17
23
26
16
28
28
23
18
23
21
18
24
16
15
20
21
18
14
17
19
22
15
20
25
16
21
17
15
21
21
20
27
27
21
21
23
17
22
22
20
24
18
17
25
17
20
13
18
18
18
20
28
18
24
26
16
21
21
20
15
23
22
13
29
17
23
31
21
21
15
25
16
21
13
18
25
23
23
28
24
15
22
22
19
25
23
21
21
14
23
17
17
13
18
15
14
22
24
17
25
23
22
23
16
18
18
21
27
15
23
17
24
19
14
22
23
19
23
18
14
16
22
23
22
23
20
17
17
21
18
17
18
17
15
19
20
19
24
25
18
18
14
18
19
14
15
14
16
15
21
15
19
22
21
15
16
24
13
15
23
23
14
17
24
17
17
16
23
18
25
21
16
23
20
14
18
18
16
22
19
19
15
23
21
22
18
24
19
27
20
23
17
30
14
18
20
21
15
20
25
16
26
22
25
25
17
14
22
19
18
20
17
26
14
23
21
13
21
22
13
15
17
20
15
13
17
18
19
19
15
20
21
17
22
16
18
17
17
23
22
25
22
15
22
23
20
14
25
18
22
23
15
21
24
26
22
21
18
14
22
19
22
18
23
19
18
22
26
17
25
17
26
21
21
17
