12
18
17
11
22
13
12
20
13
10
26
8
10
18
16
13
24
11
13
18
17
12
21
16
6
16
13
9
13
11
10
20
11
16
21
18
33
15
18
28
12
12
18
15
9
19
11
10
26
17
10
22
16
12
24
16
11
25
13
12
15
13
18
16
9
7
14
13
16
14
17
17
14
12
13
15
11
9
15
17
18
10
8
15
20
11
27
8
10
25
8
14
18
14
18
21
16
15
13
11
12
15
13
9
15
6
15
14
14
12
10
10
12
15
10
13
8
6
12
14
9
17
20
8
27
11
16
14
8
12
15
16
11
19
22
14
20
13
10
24
7
8
22
11
10
17
10
13
16
13
15
15
22
17
15
8
8
16
12
19
17
12
9
14
14
15
15
11
12
10
8
19
11
15
27
11
7
19
16
9
17
14
12
18
12
16
19
12
19
12
10
9
17
10
10
18
10
14
13
10
9
14
16
12
15
12
10
17
14
12
29
7
15
10
18
16
16
15
19
10
11
16
14
9
12
14
9
25
14
11
18
17
9
14
11
11
22
17
8
19
18
13
17
15
14
13
15
11
17
16
12
17
9
9
16
11
14
11
11
16
12
11
16
12
9
20
15
9
17
13
17
18
12
12
24
14
14
20
15
6
18
12
11
15
12
14
25
18
12
15
9
12
12
10
15
19
5
12
20
13
14
24
10
16
12
11
23
7
5
17
15
9
23
11
12
19
20
10
19
12
13
24
12
12
19
11
12
15
9
12
10
20
13
18
13
8
15
7
8
14
11
12
14
11
15
20
14
9
15
13
9
9
5
19
7
12
23
13
10
28
11
10
20
16
13
23
10
10
11
5
14
13
12
17
9
9
10
16
16
12
14
11
11
18
17
14
13
13
6
19
11
11
15
10
12
6
14
17
11
9
20
9
15
25
13
14
20
14
10
23
10
15
20
10
15
23
7
10
16
12
10
12
10
11
17
10
12
11
9
11
12
15
16
22
15
16
14
11
17
10
17
20
16
12
31
12
12
26
16
7
20
12
12
18
14
16
23
13
9
15
12
7
13
9
13
16
18
12
16
10
20
20
17
7
19
13
13
14
13
11
21
16
27
10
14
22
11
12
17
16
17
22
13
10
20
12
10
18
12
15
26
17
11
17
16
12
14
13
10
12
12
8
25
11
13
17
12
13
19
10
14
21
13
15
19
7
16
16
12
15
13
13
24
9
10
18
16
13
25
10
11
19
18
13
30
11
12
21
9
13
19
10
13
14
13
15
20
15
12
22
9
14
13
7
10
18
11
12
11
10
8
13
15
12
20
8
14
13
12
22
10
15
21
10
10
20
8
12
25
11
16
20
14
11
24
10
11
16
14
7
16
11
11
19
8
13
12
13
13
12
4
9
16
18
13
14
12
29
11
15
11
16
18
19
12
15
21
10
11
21
14
10
22
14
8
21
15
14
20
12
15
23
6
13
22
14
6
23
11
16
17
11
11
21
15
12
17
17
12
16
18
11
16
12
11
13
7
12
11
11
11
13
14
20
12
19
24
13
10
20
15
14
24
14
7
28
8
7
18
11
9
17
12
12
15
13
12
11
13
17
12
8
15
18
17
