17
14
11
11
24
16
16
17
13
12
14
10
18
10
14
19
13
13
16
13
14
18
10
14
13
11
13
18
9
16
18
9
14
17
13
13
16
16
16
13
17
12
23
16
13
16
19
18
12
16
20
14
17
13
16
10
9
13
12
17
16
19
10
16
21
16
20
13
17
17
14
12
17
21
18
12
12
14
13
15
18
10
12
20
16
14
14
12
12
13
14
17
16
16
14
18
13
8
19
13
13
12
9
19
15
13
16
17
21
13
11
11
18
15
14
16
19
13
14
12
19
11
12
12
13
16
17
15
15
13
17
17
10
16
13
21
18
14
15
14
20
15
17
17
14
15
10
13
20
16
19
12
14
16
17
22
15
13
13
15
15
14
18
15
12
15
10
11
13
13
13
15
15
18
14
15
12
11
10
12
18
15
11
18
13
15
13
14
16
17
11
19
14
16
16
16
21
26
15
15
20
14
16
14
13
13
14
13
14
14
13
15
16
14
12
11
16
14
10
12
11
17
17
14
17
14
12
14
19
16
18
10
19
18
20
16
15
14
18
10
16
12
17
22
15
10
19
20
17
10
17
14
14
11
19
10
17
22
19
17
17
16
17
14
10
13
18
10
15
16
9
13
26
8
15
18
14
23
13
12
14
13
12
13
11
14
12
14
20
13
11
23
15
17
13
15
20
18
15
17
16
11
12
10
15
13
11
11
17
14
15
17
14
10
19
15
10
14
9
12
12
17
15
10
11
15
11
17
10
13
11
17
13
13
14
13
17
11
13
22
10
13
15
13
12
15
14
16
20
7
13
16
14
12
23
17
17
18
20
19
18
18
14
16
13
15
18
14
12
12
16
18
11
14
8
12
15
17
14
16
12
11
18
12
19
18
19
13
15
14
14
10
13
23
15
19
15
12
12
17
21
12
16
15
16
18
15
16
12
19
17
18
13
11
17
12
13
15
16
16
13
13
12
12
16
11
12
16
15
18
13
13
15
13
23
15
11
14
14
12
14
14
17
9
12
9
12
20
15
12
21
17
17
16
14
13
13
18
11
19
15
18
14
15
15
10
10
12
18
11
14
13
13
21
16
14
16
16
17
22
14
13
17
16
12
12
17
13
10
12
10
20
10
14
18
11
18
13
15
14
14
14
10
15
13
20
21
13
11
17
15
13
12
13
26
15
9
19
11
19
11
10
12
12
15
12
11
17
16
15
17
16
15
12
14
16
21
13
19
11
15
17
9
15
15
10
16
15
15
19
14
15
15
18
12
11
23
14
18
12
10
20
13
15
11
20
16
17
10
14
12
16
14
19
13
11
16
14
11
17
12
13
10
12
17
13
15
9
16
18
11
18
15
22
14
14
10
15
11
19
13
14
15
20
17
15
15
16
16
11
10
11
15
16
24
14
18
15
18
15
20
17
14
12
18
13
15
15
17
18
14
17
18
15
18
13
18
19
14
12
18
15
18
13
10
12
16
19
15
16
14
16
11
13
15
19
11
14
15
11
19
12
20
21
14
25
12
15
16
13
15
10
12
6
13
17
11
15
