10
20
7
15
20
16
10
15
14
8
11
5
10
17
11
16
17
11
15
13
10
8
15
11
10
15
13
14
21
12
11
23
11
8
18
11
16
15
7
22
10
15
30
15
15
20
13
13
17
6
15
13
13
7
11
8
11
13
16
11
12
15
15
12
13
10
13
7
7
18
10
11
20
15
6
10
13
12
22
11
10
8
8
20
11
9
15
11
10
26
14
9
23
9
12
19
10
13
23
11
19
22
11
12
16
12
13
17
11
8
15
18
8
16
15
8
12
8
9
18
9
5
14
11
10
17
8
14
15
11
11
12
9
19
15
11
22
18
11
22
6
15
23
13
11
27
17
10
19
13
9
15
10
14
17
7
6
11
8
13
21
10
10
14
9
9
21
11
11
12
18
12
18
13
13
12
10
9
8
13
23
10
11
21
13
14
18
13
7
26
12
9
19
9
8
19
13
12
20
12
12
13
19
11
16
15
12
17
10
14
15
7
11
11
9
10
14
13
15
18
8
9
8
14
12
20
13
13
14
10
12
18
14
10
15
13
7
16
11
14
11
10
12
15
12
10
14
13
11
15
11
15
9
12
15
17
12
19
12
6
22
14
10
19
11
13
21
11
13
22
10
19
14
10
11
17
14
16
7
9
14
9
15
13
10
9
8
13
8
11
16
12
17
14
11
18
21
10
16
10
9
16
13
12
18
12
9
23
12
12
22
12
12
17
14
11
24
8
12
14
14
7
20
11
8
16
16
8
14
8
11
15
11
14
20
9
12
14
8
9
18
10
9
14
13
17
8
12
18
11
13
18
13
10
10
9
15
18
9
12
23
11
14
11
8
13
12
5
14
17
14
9
12
11
11
15
7
11
16
10
12
22
13
8
17
11
12
22
7
16
11
11
33
11
10
23
12
9
19
13
10
22
14
10
19
12
8
13
9
14
13
9
7
19
7
10
11
14
12
14
13
17
18
15
7
17
17
12
15
18
9
19
12
11
19
13
16
15
16
33
11
15
21
14
10
20
13
15
26
12
22
16
16
9
17
11
11
19
7
14
14
10
14
13
17
9
19
7
12
13
9
12
12
9
14
16
8
14
15
8
21
18
7
12
12
12
22
16
20
19
12
8
19
8
14
19
7
10
18
12
15
17
13
14
20
10
10
13
16
11
16
12
9
15
11
7
18
7
10
16
18
14
14
5
13
11
12
19
10
17
11
6
11
9
7
10
20
14
13
21
8
10
17
13
20
11
11
7
8
9
13
19
11
10
10
14
11
17
7
9
18
11
15
16
10
15
18
14
15
9
12
23
15
11
19
19
16
16
14
15
18
13
11
18
15
11
17
12
15
14
8
15
21
15
18
17
8
7
19
11
12
12
12
12
15
15
17
18
11
14
19
18
9
10
7
14
11
10
11
16
10
15
14
13
19
19
9
20
10
16
29
13
18
31
16
12
18
14
7
18
16
14
27
10
10
11
15
13
14
8
14
18
12
12
21
14
11
18
14
10
19
17
15
17
13
12
13
6
13
20
12
10
11
10
13
16
14
14
10
9
16
18
18
34
7
14
15
11
12
22
14
18
22
12
14
24
12
10
20
13
13
18
10
10
18
16
13
15
12
11
13
8
16
14
9
9
21
10
11
19
10
9
20
6
10
13
14
13
16
13
13
16
4
6
23
11
15
14
9
20
16
