20
26
25
18
26
15
17
15
14
21
13
15
15
19
21
18
11
12
27
21
14
14
15
18
27
16
18
25
23
18
16
17
19
21
26
20
16
19
17
20
18
25
17
20
14
22
25
28
19
17
22
24
20
12
19
25
17
26
24
14
17
22
18
16
26
14
15
21
22
23
15
15
25
22
19
21
20
15
26
23
17
16
24
21
24
19
17
21
21
27
20
21
16
14
21
15
29
28
19
18
20
18
26
27
19
15
14
25
22
19
20
19
22
18
16
16
27
20
19
24
17
20
20
18
22
20
22
15
22
26
15
23
24
22
22
25
17
20
26
19
17
26
15
24
16
23
21
20
22
26
28
22
19
21
16
18
23
11
22
19
23
18
20
17
20
16
19
24
25
20
15
24
24
18
18
24
18
20
26
22
19
23
25
19
24
22
26
15
14
18
19
22
16
23
20
26
16
20
18
20
22
24
21
20
18
24
22
21
21
21
21
22
23
23
21
23
21
25
31
18
16
21
28
24
18
24
23
13
23
20
25
12
16
20
25
17
24
22
22
17
15
15
23
25
26
23
14
21
19
23
24
25
15
17
19
21
20
26
21
20
22
22
16
17
19
14
14
20
18
26
19
25
17
23
15
16
22
22
26
17
17
20
20
25
16
16
16
34
21
21
15
20
27
20
17
21
22
20
20
23
21
24
21
18
22
26
25
20
13
18
16
15
26
27
14
15
15
20
20
18
16
26
18
27
15
18
16
25
19
23
23
16
22
25
19
19
13
16
25
21
22
23
24
21
25
25
15
27
21
27
19
25
18
22
14
22
24
25
27
17
18
21
24
24
18
22
22
17
19
19
20
22
17
18
25
22
25
21
13
16
26
21
19
23
22
16
24
20
21
13
17
27
12
19
23
20
17
16
31
14
24
15
21
14
20
22
18
19
21
13
19
16
15
30
19
15
17
26
17
17
17
25
23
21
17
21
14
14
21
21
19
22
14
31
21
15
18
13
25
18
19
21
19
24
22
27
25
22
16
13
16
19
20
15
26
18
16
22
23
15
14
22
19
11
15
16
27
17
15
22
18
14
18
20
19
20
21
20
22
14
18
15
14
20
18
20
21
18
16
18
17
22
17
21
24
24
16
20
14
24
