21
14
18
12
16
17
25
21
25
16
23
17
24
18
22
22
21
25
22
24
20
17
21
17
25
20
18
25
23
16
26
17
19
19
16
15
20
14
22
18
13
23
16
18
22
19
23
17
13
19
15
21
20
17
24
18
24
22
19
12
21
16
20
23
19
21
18
20
26
19
17
17
24
16
11
20
18
25
32
19
24
18
15
19
22
20
22
26
26
16
19
19
17
20
19
25
16
26
20
18
18
14
16
33
18
18
23
18
16
18
25
23
21
22
18
14
25
23
29
23
19
17
17
20
20
24
23
15
27
21
22
18
20
21
15
21
21
16
17
19
19
19
29
18
19
17
19
18
19
25
22
23
15
20
25
26
15
18
20
19
21
25
20
24
22
17
17
24
20
21
13
18
21
17
18
19
25
18
28
27
18
16
21
23
20
20
21
19
20
20
22
12
19
18
17
28
21
23
32
20
18
14
20
22
14
17
13
13
19
24
19
14
16
26
17
24
25
18
19
26
15
19
17
16
18
25
19
24
24
22
15
24
23
14
17
16
21
22
18
21
21
24
25
16
27
21
19
22
18
16
26
16
12
17
25
20
27
15
25
17
13
19
16
18
14
17
18
29
15
14
15
17
17
17
14
19
19
22
13
27
17
16
18
11
23
23
24
28
14
20
16
20
23
25
15
16
17
23
20
21
16
19
14
18
14
28
18
12
12
17
25
23
24
15
17
21
16
20
26
21
22
17
20
16
19
20
21
25
24
18
16
13
15
24
16
17
26
20
21
28
19
20
15
16
20
13
28
20
25
16
25
16
21
17
15
19
21
16
19
20
17
24
15
17
22
23
21
18
19
22
23
20
24
15
19
26
23
15
19
18
22
18
23
21
21
15
20
19
23
16
14
19
20
17
17
20
20
14
17
22
19
25
21
21
17
19
20
14
14
18
26
26
15
22
20
18
23
20
18
29
26
22
24
22
17
20
19
16
23
21
22
20
21
19
22
18
19
21
16
20
14
17
17
20
15
17
14
24
24
16
23
20
18
19
15
20
14
17
22
14
22
17
25
23
21
18
17
22
16
20
19
16
19
20
30
20
20
22
17
16
15
18
18
25
16
27
16
12
20
23
18
17
25
15
17
20
27
21
17
25
22
30
18
21
17
24
17
19
21
