20
12
21
11
13
21
22
11
23
19
12
12
16
16
19
19
14
14
20
11
21
17
19
15
20
20
16
16
13
19
18
11
17
16
19
16
18
17
15
16
18
17
13
17
12
19
14
22
17
10
18
15
16
16
15
15
20
20
15
16
16
20
18
18
18
14
14
18
17
16
13
19
16
24
15
19
16
17
15
17
20
22
18
13
19
17
20
17
19
15
17
20
13
21
18
17
16
20
17
15
16
16
13
20
13
18
13
19
15
17
16
12
13
21
23
25
15
27
16
15
14
23
14
15
17
16
21
16
10
21
25
11
11
18
15
12
20
15
20
18
17
17
16
13
18
13
11
24
19
14
18
16
22
22
18
14
14
22
20
15
17
11
15
21
17
14
18
14
17
16
14
16
17
13
18
15
16
14
21
15
17
15
19
18
14
14
17
9
26
14
17
13
14
17
14
10
12
17
17
17
19
11
17
13
17
16
19
16
16
16
11
19
14
16
13
13
19
16
20
15
12
12
15
14
18
14
19
11
17
14
15
20
18
22
18
16
12
16
18
13
13
21
16
16
12
18
17
18
19
19
18
22
21
12
13
21
17
17
19
25
23
13
21
11
17
15
15
13
19
16
14
19
13
18
20
17
25
16
24
25
11
15
14
16
14
15
20
23
17
13
19
17
10
18
21
14
22
17
13
16
14
14
17
15
25
19
18
15
16
13
19
21
15
12
13
13
13
17
15
15
16
17
15
18
22
19
20
15
30
18
11
14
21
15
21
16
18
17
17
13
14
18
24
12
20
13
23
18
10
24
14
21
12
19
19
11
16
21
17
18
15
13
19
14
17
17
22
24
16
17
22
16
18
27
13
11
12
15
14
20
19
14
16
19
12
16
12
19
19
18
20
18
21
18
19
13
20
21
17
19
16
17
18
12
25
12
12
17
17
14
17
14
17
18
21
20
23
22
17
18
27
16
16
18
21
18
17
16
22
19
17
16
22
16
19
16
12
18
14
15
25
21
18
18
19
13
20
17
10
17
12
13
16
16
12
16
15
16
22
20
15
15
11
24
16
20
17
14
12
12
17
18
17
21
14
18
20
17
20
14
13
20
18
22
15
17
12
18
13
20
17
14
19
15
25
17
22
17
15
21
21
12
15
19
13
17
16
19
18
16
16
15
10
10
15
17
22
18
21
16
17
12
20
12
15
17
19
15
19
18
17
16
13
12
14
18
17
17
15
13
17
20
16
23
16
15
16
15
18
13
15
12
14
21
11
28
12
21
18
14
18
11
20
17
25
14
19
22
12
12
11
15
21
19
17
17
20
26
13
17
16
17
18
13
20
18
19
15
15
18
11
11
17
17
20
26
