25
26
26
38
32
36
36
33
41
62
54
41
43
44
40
41
37
39
47
30
49
38
37
36
54
35
50
41
42
46
37
39
47
44
44
43
45
41
44
47
55
50
42
40
40
38
31
35
51
50
29
39
51
51
26
44
48
42
42
30
30
37
59
44
37
34
38
39
29
47
50
39
43
31
40
37
39
38
45
45
38
37
33
46
41
50
44
28
41
39
37
34
27
43
36
43
56
48
47
37
40
42
46
52
42
56
39
45
65
47
39
44
50
37
48
29
42
33
53
50
33
42
39
41
41
62
43
53
49
33
55
27
40
39
34
49
41
36
42
23
50
51
57
43
36
43
46
49
34
50
51
42
37
37
50
48
38
29
41
38
45
45
47
38
49
35
33
38
26
44
30
33
39
51
39
45
37
29
34
45
41
37
36
39
34
36
49
42
28
36
44
40
41
36
42
35
35
43
36
30
39
40
39
39
54
29
38
38
34
46
55
27
33
39
36
35
49
52
32
39
39
43
40
40
32
41
49
42
48
43
44
54
41
53
28
38
33
57
41
60
36
52
47
40
