41
31
42
51
40
38
26
37
40
42
31
48
30
40
45
39
42
47
47
56
44
39
38
38
45
50
52
50
50
41
29
35
45
39
35
39
39
41
33
61
39
34
46
27
46
37
32
39
51
40
60
44
49
28
62
38
47
37
27
33
34
39
32
38
45
26
46
48
33
52
42
26
38
48
32
31
45
33
33
48
41
28
46
50
31
45
47
46
40
55
48
50
45
42
43
45
43
46
39
37
44
36
35
38
35
53
44
58
37
45
36
40
49
32
37
42
41
38
38
45
36
44
40
47
42
40
37
43
38
51
62
50
38
37
46
32
42
49
43
43
32
36
46
47
54
43
52
40
39
40
38
30
49
42
37
64
58
34
50
58
43
40
40
41
38
40
39
54
52
50
44
50
48
45
46
44
49
49
28
47
37
57
46
54
48
35
56
48
44
38
29
47
42
38
42
51
41
33
39
33
34
39
56
35
34
59
38
36
53
34
35
45
44
46
45
46
39
61
44
40
38
40
49
57
57
39
45
49
35
48
25
43
31
51
50
41
39
