29
44
42
49
39
46
40
29
29
34
44
32
48
37
36
43
40
53
49
36
48
46
43
43
54
38
31
46
52
56
49
40
33
37
47
35
36
46
36
41
51
40
35
36
43
46
46
35
38
37
55
33
41
38
36
45
39
37
40
43
48
55
51
47
54
40
43
39
36
43
33
33
41
47
39
52
40
50
30
42
52
51
39
42
42
34
44
45
49
35
42
39
41
44
55
33
60
38
41
35
29
40
37
48
35
36
40
30
35
55
48
36
44
41
45
33
48
56
35
42
45
35
39
44
39
46
45
40
31
40
37
58
67
45
38
46
41
54
41
37
43
35
37
44
40
50
38
41
41
47
59
32
48
37
31
36
47
40
34
31
38
44
37
42
50
33
32
52
54
44
43
39
51
42
60
43
42
45
35
45
42
37
43
43
51
36
41
37
34
36
38
43
53
48
52
40
46
58
36
45
41
45
47
43
43
43
48
40
49
46
36
46
40
44
69
46
45
33
41
47
37
53
52
51
44
37
45
36
48
64
43
58
42
28
60
