27
11
14
18
20
12
22
8
12
26
13
13
25
40
39
29
44
34
40
49
42
28
33
38
41
33
48
19
45
35
41
29
36
29
46
48
39
42
31
29
36
36
47
38
34
42
28
32
46
38
37
35
22
29
31
41
42
31
36
32
42
51
47
32
36
36
31
58
52
49
43
46
44
45
49
55
60
50
61
48
53
49
52
34
46
35
53
38
43
24
35
49
31
47
31
45
54
38
44
57
32
37
40
42
58
54
43
54
54
53
55
58
38
30
43
43
45
35
45
47
46
36
38
47
46
35
31
54
28
43
43
52
44
43
31
45
50
37
30
34
36
67
40
51
35
41
41
48
40
55
30
35
45
36
35
51
35
24
37
43
41
40
35
49
29
55
37
36
46
41
30
39
44
35
46
43
24
46
39
44
44
41
48
51
53
37
41
51
35
48
56
30
38
37
33
46
41
47
51
47
49
27
47
39
47
44
33
36
29
40
51
34
45
39
32
54
35
51
44
54
50
51
44
52
42
36
42
48
45
40
46
35
43
43
51
29
51
38
49
35
62
37
32
27
30
39
58
32
38
