27
48
49
50
50
49
50
45
55
42
43
41
44
49
44
44
48
44
50
55
69
49
47
40
46
59
37
51
49
49
41
46
35
47
36
39
58
35
46
43
41
55
53
47
42
54
36
44
39
41
62
58
46
54
38
44
42
39
40
44
28
45
41
37
34
38
48
46
48
30
23
52
50
62
46
36
33
43
45
33
46
42
34
43
33
37
42
47
41
52
46
43
29
34
34
37
43
49
58
51
47
40
55
52
57
44
42
44
47
50
38
44
43
34
45
40
55
36
40
43
39
41
43
48
40
46
57
44
39
46
32
51
56
47
38
39
46
29
40
41
47
48
52
37
41
46
33
40
47
46
36
46
37
43
56
52
39
33
37
53
47
44
47
54
43
40
55
48
34
44
48
50
42
31
41
30
38
37
49
43
43
58
45
46
36
36
47
45
48
50
41
55
52
41
53
50
55
57
49
44
44
48
35
36
32
41
54
59
32
39
51
41
45
57
54
38
31
58
49
60
59
29
50
36
44
39
