35
15
17
30
17
22
17
18
24
20
15
20
12
13
19
15
18
13
16
20
22
19
14
13
33
14
17
11
17
27
13
14
16
16
14
21
8
15
28
18
19
20
17
20
21
20
23
23
18
16
17
20
18
17
15
15
13
11
14
11
16
16
10
15
20
17
19
14
12
17
13
19
25
17
15
31
15
18
22
12
11
15
19
20
16
16
21
10
24
19
15
17
16
15
17
24
15
14
22
14
13
17
20
18
15
19
16
15
16
23
14
15
15
15
18
17
15
16
23
11
18
18
23
12
19
13
17
12
13
10
15
20
13
14
15
14
14
16
15
15
14
12
21
19
11
16
14
16
18
15
17
18
11
21
17
16
14
21
24
19
12
14
17
18
12
13
9
15
17
13
16
18
16
16
14
14
12
14
24
14
12
17
14
23
20
24
13
24
17
17
15
14
12
16
12
14
21
21
13
17
19
19
12
12
10
22
16
10
11
10
13
14
14
21
19
24
23
18
14
13
9
13
16
11
22
21
12
16
14
16
19
17
13
18
16
19
12
12
17
20
18
14
12
18
14
17
16
15
21
17
16
20
14
20
18
10
13
17
13
25
18
10
15
12
17
22
20
16
14
19
6
14
16
14
10
19
11
14
23
19
17
14
18
21
15
21
22
11
12
22
7
11
25
15
17
19
22
17
23
13
12
21
21
15
17
19
17
15
11
10
18
16
17
18
13
12
17
14
28
20
16
23
19
18
18
15
24
19
15
15
24
22
15
27
20
15
29
17
13
29
18
16
17
17
13
21
13
17
23
18
20
11
15
8
25
14
17
19
15
11
17
14
14
23
15
19
21
14
19
19
14
19
12
17
18
11
20
18
15
16
19
11
17
19
11
16
26
12
13
17
15
17
14
13
19
16
13
17
16
16
12
22
7
20
15
13
11
23
17
13
16
15
17
14
18
16
10
20
23
19
18
22
15
18
25
14
12
14
15
8
25
17
23
15
10
19
13
15
15
16
14
16
22
14
10
19
18
15
17
18
17
16
21
19
13
15
18
12
18
24
23
20
16
16
14
18
12
14
21
15
19
27
21
17
17
14
11
25
16
14
14
21
20
15
16
16
25
10
12
16
15
14
15
9
15
22
12
21
12
14
15
21
18
18
18
12
24
17
11
23
18
25
21
12
15
20
14
14
21
15
16
20
20
25
21
12
15
18
13
16
15
20
13
11
12
21
23
13
17
19
21
17
13
16
12
14
14
13
19
13
19
24
19
18
11
18
16
14
10
22
15
17
21
20
12
22
15
23
17
12
14
13
22
20
20
17
12
19
17
13
10
19
12
11
17
13
14
13
12
16
11
21
16
19
15
16
12
20
16
18
20
13
