27
27
22
14
20
19
21
19
20
23
26
22
16
17
21
22
12
23
23
21
16
25
19
18
16
18
21
21
23
17
21
29
15
20
25
19
20
29
22
22
20
18
18
26
19
22
19
22
17
21
20
21
18
20
17
22
25
19
17
20
17
17
20
26
23
28
22
22
17
23
26
12
16
24
25
17
21
26
21
18
17
20
24
20
18
17
22
16
20
19
27
21
27
29
19
21
20
24
30
26
23
23
18
20
22
27
21
15
25
17
28
26
32
18
17
23
16
38
19
21
18
26
16
20
18
19
21
21
25
25
21
18
22
21
22
20
16
31
15
27
24
24
24
20
21
21
24
20
19
26
17
22
14
16
15
24
16
24
21
24
23
16
13
15
18
24
17
15
21
17
24
21
20
22
25
21
22
17
25
23
22
24
24
18
10
29
13
20
17
31
25
23
22
18
17
24
25
25
29
18
22
19
18
24
23
20
24
23
21
18
24
21
14
28
19
20
25
21
20
22
26
22
20
17
25
22
21
18
21
20
28
22
22
26
15
18
24
17
24
20
27
21
22
19
24
17
22
17
19
24
23
17
27
12
26
18
18
17
21
18
25
22
22
17
22
19
22
20
23
26
24
20
25
21
20
22
21
16
22
23
22
18
25
30
20
20
19
19
24
20
26
24
27
30
15
26
23
19
23
24
19
22
25
21
30
24
27
27
20
18
22
20
31
20
27
30
25
14
21
18
21
38
17
18
23
21
27
24
27
18
20
17
16
19
28
25
26
25
29
25
27
22
25
23
18
23
22
34
21
22
27
23
25
25
22
22
23
40
24
21
27
15
28
25
21
28
10
19
31
17
23
21
17
33
21
29
20
26
18
27
28
23
14
34
18
24
21
25
31
23
20
23
29
27
31
16
25
19
33
25
21
23
25
26
34
25
28
23
24
21
30
24
28
17
16
32
21
23
19
25
17
14
21
25
20
23
26
25
30
21
25
21
19
21
20
35
29
38
26
21
22
32
25
33
23
17
25
25
20
29
26
31
24
