16
22
15
18
16
21
10
18
16
18
15
18
19
13
12
19
20
21
19
20
14
26
22
19
20
16
19
12
13
24
12
14
16
16
16
19
13
14
22
16
19
19
18
16
17
21
15
18
17
22
22
20
14
22
13
22
10
14
22
26
23
18
26
19
19
17
13
20
16
13
23
15
19
21
15
15
21
18
21
24
17
17
21
22
24
21
16
15
13
22
19
17
20
17
14
14
18
21
12
20
21
13
16
17
11
17
23
21
18
24
11
9
19
15
12
15
17
19
21
19
16
13
21
21
20
21
17
18
18
14
15
19
11
20
34
15
16
25
15
17
14
19
18
17
17
20
15
17
15
24
16
17
19
20
24
15
22
22
12
17
17
20
22
21
24
16
25
17
22
22
21
15
25
16
16
11
17
21
20
27
14
16
19
16
14
20
13
14
24
21
22
17
19
15
22
15
15
14
15
20
17
27
20
22
12
21
13
25
25
18
19
18
21
14
18
18
15
16
24
22
17
23
31
25
21
22
23
20
19
9
20
21
20
22
24
18
20
21
20
24
15
25
17
18
23
19
16
22
19
16
20
17
18
16
17
17
16
14
14
16
22
19
20
18
17
21
20
18
20
17
21
21
22
13
15
17
25
20
21
17
21
27
25
16
10
26
18
23
19
29
17
20
18
18
24
21
18
24
9
23
17
24
15
23
16
18
19
21
18
16
20
18
15
20
13
17
16
18
24
32
15
19
23
25
14
26
26
24
18
25
21
25
21
23
20
25
26
18
15
22
26
11
20
26
22
21
8
18
17
20
19
26
22
20
16
25
20
21
11
17
13
16
23
15
25
17
21
18
31
19
28
25
20
19
16
16
25
24
16
26
26
23
19
14
16
22
18
17
19
16
12
35
19
21
18
19
30
34
32
35
24
23
21
27
15
20
31
30
29
34
30
15
26
17
27
23
17
29
30
17
23
18
25
35
13
25
20
25
17
30
16
25
13
26
27
22
35
25
24
41
32
17
22
25
46
28
28
19
13
30
25
17
26
23
34
32
41
38
19
17
19
29
17
28
23
22
17
34
20
19
27
22
25
33
22
36
23
15
23
23
26
23
20
6
28
28
33
17
30
20
20
18
26
24
22
22
20
30
25
