36
27
22
31
26
28
24
34
37
23
30
35
28
34
33
31
35
39
18
39
45
33
38
29
24
38
33
38
30
29
28
29
38
35
37
30
31
32
26
32
37
38
41
25
29
31
31
31
33
29
33
33
28
28
35
25
34
29
42
28
31
30
31
39
31
31
31
41
35
33
33
36
27
37
25
32
28
31
27
33
34
35
33
32
38
37
43
33
27
40
33
38
36
36
23
32
45
29
33
23
35
35
28
29
30
32
26
31
26
34
40
26
35
24
22
35
29
32
29
35
35
40
34
29
25
37
37
38
31
33
34
25
41
32
33
29
23
28
39
44
29
36
39
29
41
35
48
30
27
35
30
35
42
33
47
35
37
41
36
31
38
29
32
40
33
39
27
34
36
38
27
38
43
34
34
29
28
26
26
28
35
39
41
42
30
32
30
32
30
31
38
34
27
33
31
33
30
21
37
27
36
32
30
32
33
43
34
36
32
37
27
33
33
25
29
34
35
35
39
34
29
34
42
28
38
39
34
46
27
43
34
36
35
41
33
46
34
29
31
27
40
27
24
40
32
29
39
27
36
31
34
36
22
36
44
33
30
44
29
55
37
34
35
34
38
32
40
29
32
31
33
36
44
39
35
39
41
35
31
34
42
30
36
34
37
30
29
26
32
38
36
33
30
39
36
40
38
28
39
29
37
