48
58
55
46
42
41
48
41
55
48
51
54
50
50
58
47
56
56
42
59
54
48
63
52
58
54
69
39
65
57
59
70
63
57
46
51
48
44
50
49
63
67
61
61
60
46
51
46
77
60
62
56
47
51
55
45
68
46
47
64
61
57
52
57
77
52
47
56
63
65
47
49
64
71
60
65
75
55
68
75
49
47
54
57
56
58
45
63
72
52
51
61
45
51
64
56
56
56
61
57
62
65
57
57
53
53
49
58
75
59
61
73
55
60
52
59
50
52
64
53
60
55
62
56
70
51
78
54
51
54
58
69
55
58
48
58
78
61
52
70
67
78
50
53
49
58
55
59
48
64
62
59
70
53
74
61
56
54
50
54
57
59
72
58
63
57
48
61
55
57
44
77
66
70
61
