37
29
41
41
32
39
26
27
30
33
37
29
21
35
32
39
33
32
38
33
33
32
20
31
32
33
36
31
38
27
25
26
33
31
34
38
29
33
19
27
31
36
29
29
29
38
37
37
35
37
30
37
30
30
33
39
27
32
26
29
36
29
40
33
44
30
36
32
39
26
40
34
34
27
35
34
38
30
39
43
33
29
44
31
30
32
33
38
42
28
42
35
33
29
26
39
25
37
41
40
25
28
25
28
25
30
39
27
32
28
37
30
44
24
38
33
30
27
45
32
38
26
28
36
35
34
45
31
30
41
33
33
41
21
39
39
36
38
29
33
41
37
38
33
32
30
32
33
28
38
30
33
27
25
21
33
29
25
24
31
28
28
33
39
51
26
49
33
41
27
31
41
24
22
37
29
30
31
36
35
42
39
37
38
29
45
35
32
30
40
24
34
31
43
24
44
26
29
34
28
36
39
38
33
42
28
39
29
28
31
35
40
24
29
38
28
32
39
32
37
28
33
29
41
42
40
30
40
41
26
40
38
29
30
40
27
26
30
37
28
36
36
41
39
45
35
31
33
29
35
32
21
33
44
27
28
42
34
32
34
39
29
35
20
37
36
20
30
31
48
36
33
34
34
30
36
41
36
37
20
41
35
31
30
41
33
35
35
30
39
32
27
35
29
35
31
22
37
42
36
35
