34
35
32
27
31
30
40
28
36
48
25
35
30
36
37
36
30
41
37
36
33
33
38
33
35
36
33
32
33
30
40
33
29
32
32
41
33
36
32
38
29
34
26
26
26
37
31
25
38
33
40
24
32
26
40
34
28
36
30
41
36
35
37
28
35
43
41
28
36
27
40
30
36
33
34
24
33
43
34
32
30
31
33
36
34
26
36
39
40
27
34
33
35
37
32
40
27
42
41
41
27
36
32
23
42
35
34
35
40
38
40
34
41
42
42
36
39
31
46
33
42
41
36
29
42
30
29
42
37
34
22
34
34
41
33
36
35
38
30
33
37
30
31
32
35
21
41
39
34
41
48
39
46
34
29
38
34
42
32
27
46
26
36
41
42
36
44
33
34
30
31
29
29
34
39
27
31
27
37
40
41
35
36
31
33
37
38
36
35
35
33
42
32
34
38
30
28
33
26
37
37
36
35
37
46
42
30
36
41
35
42
28
33
44
28
26
40
43
38
35
36
35
32
28
40
34
35
28
30
26
29
46
27
35
32
38
31
29
31
38
28
30
42
35
39
29
41
37
39
28
31
38
38
38
34
34
37
35
28
37
28
40
32
34
49
36
42
31
42
37
34
31
38
46
34
25
41
50
30
42
46
31
37
38
36
39
29
34
