26
23
14
18
14
20
20
22
18
19
13
16
13
19
14
20
12
20
24
16
23
24
17
19
18
16
23
17
17
17
19
21
26
9
25
19
16
19
25
14
13
18
12
23
19
23
18
20
19
22
20
20
20
24
22
21
18
17
21
13
20
20
20
26
16
23
14
25
15
21
25
22
16
21
21
20
21
21
23
21
10
25
22
29
21
24
20
22
17
25
28
21
17
16
14
14
14
22
21
20
25
12
24
19
24
20
14
20
18
21
18
23
21
29
25
19
20
14
24
13
24
25
19
22
21
18
20
25
25
18
23
15
20
21
22
22
16
19
19
26
17
17
23
20
16
15
15
20
19
26
22
21
24
26
19
25
16
20
17
23
18
25
20
23
22
14
23
15
22
19
15
16
17
19
17
18
20
24
19
23
23
19
18
15
23
17
16
22
27
16
24
17
23
16
23
23
18
15
15
26
21
16
18
21
13
19
16
15
19
17
27
27
23
17
16
21
32
15
19
23
31
21
19
22
18
29
23
18
17
18
23
21
19
21
25
21
25
23
13
15
18
20
20
18
25
15
17
18
19
22
22
17
29
18
20
17
24
23
21
19
23
18
23
21
15
15
19
19
18
16
15
19
25
20
25
15
31
25
24
22
15
19
25
25
18
21
19
16
15
16
28
25
30
20
17
14
25
17
23
21
23
22
24
18
16
19
19
22
21
19
16
24
19
18
13
22
21
18
21
21
21
21
22
20
21
26
20
24
21
21
18
27
16
21
21
20
20
21
21
21
24
26
28
18
15
16
21
15
23
25
22
22
31
20
20
25
13
34
23
16
21
20
17
24
18
26
22
12
21
21
22
25
18
27
14
25
13
22
30
20
15
22
27
17
22
16
29
17
15
19
27
21
21
21
24
18
20
21
25
20
20
22
23
31
18
16
15
20
21
18
12
19
25
22
20
17
16
26
16
23
14
24
24
18
20
22
16
19
25
23
19
15
22
18
25
21
21
23
20
22
14
17
25
17
26
20
27
18
20
25
21
21
20
19
18
18
13
17
19
18
22
22
26
21
13
18
21
23
18
24
21
19
20
15
26
20
24
21
21
13
18
21
19
22
15
21
18
19
19
26
22
16
25
17
18
21
