24
26
26
37
24
24
21
37
31
25
29
28
25
35
20
23
25
27
30
33
28
28
33
43
30
27
33
28
32
30
29
30
41
28
29
35
28
26
36
30
25
30
31
35
29
24
25
30
24
31
28
29
41
35
26
25
34
23
30
27
28
28
27
28
34
33
34
36
29
28
39
24
28
24
24
28
44
35
26
29
23
26
35
30
22
26
24
28
29
21
31
18
26
28
23
33
22
28
24
24
28
21
30
31
27
33
25
36
27
31
31
24
31
27
23
30
24
28
38
24
25
40
22
20
23
30
26
23
30
24
40
44
34
28
32
31
30
37
28
29
37
29
26
27
36
30
26
24
29
19
31
45
30
37
36
22
39
31
32
39
28
38
28
43
29
38
24
27
31
35
29
24
27
23
34
22
24
29
18
28
26
35
35
30
28
21
30
27
27
31
43
30
29
34
27
45
19
31
25
31
29
34
25
32
19
24
25
31
27
26
30
31
32
30
20
35
38
34
24
29
27
34
35
16
34
30
28
28
22
25
25
40
26
33
21
22
31
27
35
30
37
31
22
41
26
37
26
23
28
29
24
28
30
29
27
36
32
24
23
28
32
33
27
28
35
27
26
29
22
31
32
32
27
39
35
39
29
25
29
24
28
33
29
30
29
27
31
34
35
31
26
29
37
35
25
31
28
35
25
32
24
37
29
21
38
26
33
31
31
32
32
42
30
33
36
29
28
31
30
29
21
29
38
23
30
39
37
26
38
39
24
38
35
41
31
33
25
27
33
