25
23
25
27
25
27
23
28
26
21
23
38
24
29
26
36
37
28
33
34
25
29
27
31
28
23
30
28
30
26
37
36
28
29
37
30
31
28
27
35
48
28
22
23
33
27
28
17
36
27
45
38
36
35
23
34
27
17
27
31
38
26
35
37
30
27
38
40
35
27
33
29
29
43
32
32
35
36
33
29
26
38
31
26
28
29
24
35
31
27
32
30
28
24
37
32
41
37
28
23
23
25
37
34
28
38
29
31
34
29
33
32
33
29
35
33
34
30
30
32
30
29
35
33
30
28
19
27
23
28
39
30
35
36
24
26
27
31
30
28
36
30
26
34
32
23
25
31
26
22
36
31
35
43
30
29
33
32
25
36
35
36
26
25
26
30
35
26
29
32
29
34
41
29
30
29
31
36
32
29
38
27
41
39
29
29
32
26
33
34
39
30
23
31
31
26
33
33
26
34
35
38
38
31
33
28
30
33
31
29
31
35
30
26
30
32
28
30
35
37
36
28
34
36
39
31
33
29
37
43
24
23
26
35
32
40
38
35
32
36
33
44
36
38
34
23
29
44
31
48
31
26
33
30
34
35
30
33
38
36
35
40
41
31
27
34
18
32
46
36
30
34
24
34
29
33
30
26
26
31
30
33
34
30
34
33
36
21
37
24
26
39
41
32
29
41
24
37
28
39
28
29
36
30
34
37
27
36
43
36
35
30
38
41
35
37
34
29
