41
47
41
39
38
36
33
57
32
31
46
38
48
45
38
34
40
47
38
54
54
44
38
31
30
54
46
48
48
37
49
28
45
52
49
43
47
49
54
42
40
46
47
49
59
46
49
51
37
38
44
51
43
47
51
37
46
53
49
44
38
48
45
48
39
40
48
39
45
38
42
41
46
43
45
58
39
51
49
50
44
43
40
39
52
37
35
55
36
50
57
41
42
45
42
47
47
51
41
51
48
50
51
46
49
38
39
46
45
49
43
41
43
40
42
55
36
41
48
52
47
46
50
49
45
48
57
47
38
42
52
50
41
52
42
40
48
48
66
41
52
37
48
46
46
53
43
40
54
53
41
50
36
55
42
41
46
39
52
40
44
35
44
48
40
45
42
57
40
56
45
46
44
48
56
53
41
58
53
50
42
46
41
53
36
46
55
45
41
42
53
51
39
41
39
55
50
39
44
47
48
43
44
36
45
49
46
39
33
46
42
54
51
40
53
51
48
44
43
32
45
46
