18
21
17
17
16
15
14
20
27
13
27
20
19
21
18
28
22
27
20
20
15
22
20
15
22
24
19
21
22
18
16
19
19
26
16
26
27
24
23
22
17
19
20
26
26
12
22
26
22
28
25
19
16
17
25
24
19
19
30
19
15
22
21
21
20
22
28
21
25
21
20
20
21
19
24
21
26
12
23
23
25
18
21
28
20
23
20
23
23
25
26
26
19
20
22
21
19
21
24
22
24
24
28
19
21
19
17
25
17
23
16
22
25
25
29
21
24
25
18
19
27
23
28
28
23
23
25
22
21
21
23
33
26
22
27
23
18
22
21
24
26
18
24
25
25
27
19
18
20
17
25
22
29
14
22
21
23
19
20
16
22
18
28
22
23
25
22
19
18
23
22
23
24
20
22
23
26
25
19
15
28
20
19
25
19
18
20
30
14
20
29
26
18
20
27
25
23
28
17
27
20
22
27
11
17
18
23
25
29
20
24
22
20
17
20
23
17
29
21
19
18
21
25
22
23
18
23
22
23
28
28
27
17
28
19
25
24
19
26
31
26
29
22
19
25
26
27
18
23
17
20
26
27
18
34
19
27
27
25
29
22
16
26
24
19
26
24
22
19
17
27
21
36
20
22
23
26
37
21
27
20
27
20
20
22
25
24
26
24
28
23
25
24
32
28
25
28
25
24
31
21
24
21
23
18
20
25
15
25
15
31
30
21
28
21
29
22
23
30
24
30
25
26
19
31
29
26
33
15
14
25
16
25
21
13
29
26
29
25
21
30
24
21
25
27
22
20
17
26
19
24
22
20
27
30
33
31
32
23
29
19
19
25
26
22
26
24
22
19
35
33
28
24
22
21
34
24
30
17
27
28
27
24
19
22
30
21
29
23
24
28
28
29
21
18
25
28
26
21
29
32
24
29
25
25
25
22
31
34
19
18
21
26
22
25
30
22
26
31
23
22
33
29
25
26
29
36
30
25
29
29
27
