14
12
20
17
13
10
22
12
14
11
14
15
14
17
15
13
21
16
15
12
19
14
14
11
12
13
16
13
23
9
17
15
15
8
19
23
11
17
17
16
13
15
14
17
16
16
17
16
17
13
17
24
17
19
20
19
11
22
12
18
14
16
21
16
16
17
23
13
13
17
9
17
21
10
16
24
17
22
16
24
21
23
20
8
20
19
17
19
18
12
15
13
18
19
22
16
17
9
18
21
16
24
18
15
20
16
14
21
21
15
30
19
14
13
28
19
24
14
15
18
17
15
12
23
16
23
12
8
15
13
17
22
12
12
13
15
16
22
13
23
16
15
20
20
25
14
15
16
22
11
15
26
15
20
19
20
24
21
14
10
16
25
16
24
20
16
15
21
14
26
13
17
23
15
19
27
17
11
22
17
12
25
17
17
20
22
27
16
18
14
24
17
20
25
25
27
19
18
18
14
23
24
15
13
21
23
13
21
14
16
21
18
15
19
17
19
20
11
20
17
27
15
22
21
16
19
12
14
22
13
29
13
24
13
23
13
21
16
17
19
9
15
18
15
14
22
15
22
22
18
23
24
13
20
18
18
25
18
19
15
16
19
15
17
11
20
19
26
15
19
21
15
21
15
21
17
18
21
18
12
19
17
17
34
17
21
24
28
26
25
17
19
28
19
26
21
17
17
27
17
18
17
25
27
22
22
13
32
17
22
20
20
23
19
17
20
17
15
21
21
16
22
20
17
20
23
11
25
14
17
26
21
12
17
20
21
18
19
22
20
18
19
15
16
17
21
18
21
26
17
16
21
20
19
22
18
16
26
19
19
21
23
23
24
14
18
27
20
19
20
17
21
21
26
21
15
25
19
18
17
24
16
23
22
16
18
22
26
23
22
24
20
21
11
21
23
19
19
16
21
23
19
22
28
25
18
29
18
20
21
17
17
21
24
16
17
22
21
18
18
28
26
14
13
28
18
19
24
18
19
24
21
22
22
17
29
24
12
25
16
20
27
29
20
24
19
18
26
23
14
26
29
17
16
23
15
21
27
16
18
18
24
14
10
21
28
26
32
25
21
20
26
24
30
24
25
21
18
29
20
23
16
14
21
24
22
21
23
17
29
21
20
17
14
20
26
22
23
28
19
21
26
18
26
14
27
22
26
20
23
18
19
28
34
22
24
21
17
19
20
29
17
25
25
25
