39
44
50
38
58
52
47
41
42
39
51
51
49
45
62
55
50
49
58
45
52
38
44
45
47
52
47
47
46
61
47
49
46
44
57
50
47
43
49
44
53
51
50
44
42
50
46
56
49
46
61
59
56
50
50
55
43
51
48
50
51
50
50
59
64
38
49
53
50
52
62
57
50
50
51
45
53
49
55
41
47
48
44
52
62
40
60
45
50
55
52
58
50
44
68
51
52
54
54
51
55
39
54
49
49
52
39
54
46
46
51
60
55
52
65
49
52
48
52
53
56
47
34
49
51
44
44
47
42
53
40
46
50
46
46
48
34
51
50
49
39
41
44
52
50
53
40
57
45
47
44
52
49
57
51
56
46
43
50
52
48
61
45
39
36
48
52
42
51
51
50
48
53
45
47
48
50
46
67
65
53
50
47
37
54
49
46
48
46
48
41
43
50
42
47
43
52
51
42
56
48
44
52
52
