23
10
18
19
19
18
20
22
19
21
18
17
19
16
16
20
20
25
25
16
22
16
26
23
20
22
18
22
21
19
23
17
28
22
18
24
21
22
18
24
19
21
24
22
23
27
23
31
25
20
20
25
22
17
13
24
16
18
20
24
21
27
22
16
25
27
20
15
22
24
23
18
30
19
19
19
20
22
17
15
26
23
17
21
16
23
16
20
20
20
27
19
22
25
21
28
25
19
21
27
21
25
15
21
24
27
19
21
23
23
21
22
20
19
25
20
15
23
22
27
21
20
20
19
20
18
19
28
15
21
23
19
24
19
24
24
20
23
25
21
20
27
28
35
26
29
21
28
23
17
33
23
16
31
23
25
19
19
25
23
16
20
24
30
22
23
19
22
18
25
23
21
20
20
18
27
27
26
23
25
23
16
21
24
23
23
21
25
24
22
30
20
22
20
24
15
22
21
21
24
21
20
22
18
26
24
18
22
30
22
15
19
22
31
26
21
15
32
22
19
27
20
18
15
22
31
20
20
20
20
18
17
21
19
27
15
23
17
19
23
20
27
17
25
28
26
25
24
21
26
21
22
22
22
23
21
22
19
24
16
20
17
22
27
31
24
27
33
27
16
23
22
19
26
21
24
31
26
23
23
21
17
25
18
31
22
23
20
19
22
24
26
21
22
25
18
21
21
23
18
25
26
28
20
22
17
20
24
18
24
25
18
19
26
19
26
21
23
15
23
20
17
18
18
23
25
27
36
22
27
29
21
27
30
14
27
26
30
18
30
33
19
28
31
22
22
17
20
23
21
26
30
15
29
17
27
21
26
26
29
18
27
27
20
26
21
19
19
24
24
23
21
24
20
28
18
21
26
31
36
22
22
26
19
25
25
24
19
21
27
22
25
23
26
25
17
26
30
22
21
25
27
23
25
24
22
25
17
27
21
25
18
29
23
23
22
22
18
20
23
13
18
24
29
20
23
21
29
26
18
30
24
22
24
27
20
24
19
39
21
24
23
21
17
25
17
24
29
