23
26
23
18
29
27
27
22
36
28
24
32
24
31
30
28
28
25
35
19
37
31
23
29
28
27
27
24
38
30
25
28
31
30
30
27
40
33
28
38
32
27
22
27
26
30
40
27
30
33
32
27
29
34
37
32
33
32
27
31
19
32
34
30
35
31
27
30
33
27
28
27
29
26
34
33
23
29
32
37
34
29
25
31
41
24
27
25
22
26
25
31
26
18
27
25
27
34
23
34
21
26
27
34
27
33
29
31
42
37
35
34
28
24
29
26
24
30
22
34
27
27
30
28
31
31
26
19
31
35
31
29
23
24
25
37
28
43
25
31
23
30
34
27
38
28
27
28
28
33
25
25
27
27
25
28
23
35
24
30
38
29
39
40
29
35
35
30
24
31
32
27
28
31
36
35
28
49
28
26
27
30
31
19
37
25
30
30
30
35
33
33
29
30
36
27
33
31
24
26
27
29
26
33
37
30
27
37
24
26
31
27
28
32
24
27
34
29
29
28
29
27
31
21
27
26
26
24
28
34
19
34
33
21
26
30
20
27
32
29
30
33
35
27
22
27
30
25
32
34
39
25
36
22
32
30
31
28
36
36
22
31
35
35
28
26
31
48
28
31
29
25
34
27
24
38
24
35
35
25
30
27
25
26
25
32
27
29
25
30
27
31
28
38
28
29
35
30
25
23
29
35
35
34
32
30
31
25
33
27
32
31
27
36
28
40
30
28
30
25
21
38
30
31
22
32
37
18
26
26
36
27
37
35
26
32
29
23
25
38
