26
26
23
21
21
25
16
23
20
24
28
18
25
25
24
30
30
22
31
29
29
20
22
33
20
24
20
27
24
29
25
26
29
26
28
24
21
26
20
21
20
27
23
33
26
25
23
25
26
25
24
27
22
21
26
28
26
28
23
25
32
25
24
31
32
24
30
31
29
24
25
23
21
24
21
29
18
17
22
26
26
27
24
29
32
23
32
22
28
23
29
24
33
17
27
25
25
21
29
28
24
27
31
29
25
20
29
20
28
24
26
24
23
31
23
28
32
31
27
29
26
33
23
33
31
27
30
33
34
24
27
22
32
32
21
22
30
26
28
26
23
25
25
31
32
23
25
22
24
22
25
35
24
40
29
18
32
22
26
25
28
26
34
28
21
29
23
32
18
28
25
33
19
26
33
29
21
28
29
23
33
30
24
25
24
31
26
26
27
23
25
23
28
34
33
22
28
32
20
20
21
28
31
31
24
35
29
26
20
32
20
24
30
24
23
29
28
25
22
27
28
24
23
23
24
19
23
29
19
34
23
31
27
20
22
25
31
26
21
31
25
25
26
20
21
26
26
28
31
25
26
19
26
23
23
26
30
22
20
28
28
24
26
17
26
27
33
30
24
29
24
33
30
21
28
36
29
27
29
29
40
23
31
27
22
25
39
25
27
33
32
37
21
24
32
34
25
28
27
22
26
25
25
23
29
21
22
29
28
26
26
25
31
32
18
34
26
28
28
33
36
27
29
31
27
30
18
36
35
22
35
26
23
23
36
24
34
21
28
34
41
22
29
34
27
31
33
30
28
31
32
26
28
29
30
35
31
26
27
31
25
26
30
24
35
28
35
23
30
25
27
29
25
31
24
30
