35
9
13
16
17
14
17
11
18
9
18
14
15
11
17
19
14
19
11
17
17
14
15
13
17
9
15
16
18
15
9
14
11
12
15
16
18
15
12
7
18
12
7
12
14
11
15
11
15
16
10
19
16
11
25
11
15
14
10
17
23
21
17
16
16
14
17
17
16
25
14
21
22
15
13
20
17
15
17
11
15
8
9
16
8
11
29
15
12
17
11
14
21
11
12
20
15
17
15
18
13
17
13
22
10
16
15
26
19
22
16
14
20
21
11
12
19
8
19
13
14
14
11
17
19
12
12
20
13
20
17
15
16
13
12
17
11
14
14
13
17
19
10
14
21
16
12
25
14
20
23
13
14
18
18
13
18
16
22
14
21
16
14
11
18
12
25
16
8
17
25
13
13
19
20
14
21
17
16
17
17
14
13
20
19
13
15
19
12
13
25
10
19
20
17
21
20
21
12
18
11
10
29
28
19
18
12
10
15
17
19
25
11
14
20
14
17
17
17
29
16
22
23
22
22
24
15
18
20
14
13
15
15
13
28
19
22
22
15
11
20
18
12
19
10
21
23
17
17
21
13
13
26
14
18
13
17
16
16
21
18
19
22
19
19
15
21
17
18
21
20
18
18
11
13
25
17
17
23
16
17
27
27
8
28
16
11
12
9
17
18
17
11
24
21
17
18
19
18
22
12
13
16
14
15
13
16
20
14
12
29
11
16
25
11
22
25
10
14
25
24
19
16
17
21
18
18
14
18
10
15
19
18
10
13
12
16
23
17
18
19
26
15
24
16
24
15
14
24
16
14
20
17
11
27
18
16
32
12
20
22
14
10
12
13
12
14
16
14
18
20
12
18
17
15
15
13
19
22
19
26
17
20
27
20
12
22
15
27
20
16
18
25
11
16
21
12
16
24
17
11
21
15
13
20
26
14
17
19
18
15
20
16
16
15
22
9
18
22
16
11
22
15
20
25
16
21
22
15
17
24
14
10
22
21
19
19
39
28
27
27
21
21
18
23
9
14
10
16
10
29
8
23
31
13
25
14
16
13
20
15
8
19
17
18
15
13
19
16
18
16
11
8
15
16
13
16
20
13
7
17
13
14
13
16
17
13
17
18
13
8
25
25
16
12
15
20
24
8
15
21
15
12
17
15
12
24
18
15
20
17
12
14
21
11
14
16
10
17
10
11
16
13
10
19
15
14
15
11
7
15
14
23
14
22
30
14
26
22
27
32
21
21
27
16
21
23
26
22
7
22
27
29
22
22
27
25
16
22
18
22
14
18
10
18
22
24
16
28
20
16
23
21
25
23
20
26
27
23
25
28
26
26
20
