34
13
15
14
10
11
11
13
8
15
8
11
10
8
9
11
11
9
18
15
8
17
7
6
15
10
14
31
8
26
17
13
18
11
10
15
15
11
20
9
9
14
11
18
17
11
6
10
17
11
14
12
12
20
13
15
12
17
14
10
21
16
12
10
14
14
12
28
23
16
19
8
16
19
14
15
20
19
9
19
18
9
8
16
7
9
13
19
9
13
19
11
7
18
11
10
15
10
14
24
20
11
18
20
12
20
16
15
14
16
11
22
12
14
11
16
19
19
10
25
11
10
15
13
10
19
11
18
14
12
30
30
14
17
18
12
11
14
11
14
20
18
16
16
22
22
12
10
12
15
17
6
15
15
12
12
20
18
15
12
23
13
9
23
9
9
17
15
13
9
9
22
22
16
21
14
11
17
12
12
12
15
11
9
16
12
12
16
23
13
15
15
9
26
11
8
16
16
12
15
14
15
15
11
11
15
8
11
10
6
18
12
14
23
12
14
17
19
10
20
11
7
14
12
12
13
16
21
19
16
16
21
14
8
16
13
14
16
25
22
20
12
13
17
16
23
14
13
11
18
13
27
12
16
18
13
11
16
19
15
17
13
13
45
15
10
21
20
15
23
10
12
14
11
20
18
18
12
12
8
13
12
19
16
17
9
17
18
11
15
14
12
12
22
10
16
19
12
13
15
18
18
16
11
15
9
13
23
15
22
26
17
31
23
9
15
21
13
19
22
19
8
18
20
10
14
9
12
13
13
10
11
11
17
24
17
14
17
15
9
16
31
17
21
16
15
12
9
16
12
5
19
17
7
23
22
14
27
16
16
29
16
16
23
18
15
15
16
12
18
10
12
17
14
11
15
17
16
19
21
16
14
10
21
16
10
11
18
13
18
13
19
14
12
12
22
14
8
26
13
16
23
13
12
21
12
11
24
10
16
28
19
7
15
12
12
25
13
12
25
16
15
14
9
8
21
6
13
15
18
13
18
14
11
16
19
13
13
15
14
15
14
27
15
16
28
15
12
27
16
12
19
14
16
25
13
8
20
12
7
19
11
19
18
9
28
22
25
13
14
10
12
12
13
13
16
14
15
25
18
11
13
13
19
20
11
18
19
18
21
18
11
26
13
12
18
17
26
20
16
10
22
10
12
28
7
12
21
15
16
14
14
17
15
15
13
29
10
11
18
14
8
19
12
12
12
12
12
20
16
19
15
12
26
15
15
24
24
17
22
9
16
19
15
21
19
11
20
22
21
18
16
10
10
18
12
27
26
14
17
14
16
11
13
16
12
10
21
18
15
13
13
16
10
15
11
7
17
11
10
24
14
11
15
16
21
20
11
9
21
13
8
18
9
17
25
22
10
20
13
29
26
10
15
14
15
13
13
18
17
15
12
14
14
8
9
16
16
12
18
13
13
14
9
13
10
12
13
10
8
13
12
15
17
17
13
17
9
7
22
11
10
29
21
9
23
12
7
13
15
12
17
7
18
20
11
13
16
15
