31
38
41
30
36
26
38
40
35
30
27
40
27
29
31
33
30
37
45
29
31
46
26
20
37
33
33
43
32
35
40
33
48
35
37
44
33
32
29
40
34
23
34
35
35
38
40
25
27
26
38
26
30
34
25
23
31
39
31
32
28
47
43
39
37
36
29
32
29
28
31
25
33
30
34
43
38
36
39
36
29
37
37
30
37
32
27
33
33
26
23
32
32
34
20
45
42
28
23
35
27
30
25
38
24
24
32
28
36
31
37
46
34
39
31
26
19
30
38
27
24
29
38
36
30
34
28
30
38
40
25
33
31
29
21
33
27
16
20
35
32
28
39
31
33
33
35
31
31
27
29
23
26
36
25
34
27
21
35
33
32
30
31
29
28
31
27
33
25
40
32
24
34
30
37
30
28
28
30
22
38
27
23
24
27
29
23
27
27
30
23
27
26
30
28
35
31
25
32
39
35
28
26
30
32
23
24
33
30
32
24
30
24
33
29
31
28
32
22
29
36
32
27
29
34
39
28
30
16
27
31
34
17
27
21
28
22
36
33
38
31
35
32
32
32
33
32
34
19
33
41
26
27
30
30
31
30
29
20
33
24
33
33
38
25
37
31
24
33
29
30
21
22
24
25
27
21
36
31
34
22
18
18
36
31
28
35
40
46
21
47
32
25
30
41
38
29
31
35
33
28
30
36
29
37
26
31
33
41
34
28
21
38
32
30
40
32
38
32
31
38
