43
43
31
50
44
46
31
50
42
40
54
33
51
49
60
48
43
43
52
51
44
41
56
38
34
41
54
43
37
53
40
58
42
52
44
36
59
59
42
39
39
57
51
39
49
40
44
37
43
43
50
61
36
42
38
43
48
37
51
50
55
53
38
59
53
54
50
47
54
45
52
62
46
54
54
52
49
54
47
52
61
57
58
45
55
54
51
57
50
55
53
43
45
50
53
50
49
51
42
56
43
37
47
39
46
49
52
46
50
38
42
51
56
39
42
42
41
49
50
46
40
55
34
57
52
46
46
46
40
49
45
57
51
47
41
49
53
55
54
51
42
47
52
46
53
42
44
44
49
51
38
59
40
41
49
49
46
64
65
53
43
44
51
53
61
58
54
41
49
50
61
40
54
40
37
45
43
59
64
41
56
43
42
67
42
33
42
38
45
46
48
47
30
42
59
48
45
40
35
54
50
48
36
43
49
45
49
45
51
46
45
