27
13
28
23
28
19
13
13
24
23
20
18
24
22
15
18
30
15
35
17
27
26
20
24
24
20
25
16
29
24
27
23
24
25
15
21
25
17
17
17
16
17
19
17
24
17
24
34
21
22
18
33
17
29
26
19
17
25
39
26
16
14
28
17
28
18
30
34
18
16
25
34
33
16
26
28
16
37
15
14
25
22
23
22
16
25
22
14
17
19
25
23
27
21
31
21
16
23
21
20
18
16
13
15
24
17
17
21
27
30
22
19
14
32
33
21
19
29
16
41
24
32
26
14
25
28
32
23
29
20
29
20
24
11
40
16
19
28
13
28
38
23
24
20
21
17
20
20
30
20
19
37
19
28
15
19
17
24
27
22
26
18
19
35
18
24
19
19
18
24
26
29
26
18
17
33
32
21
22
20
21
17
33
27
23
25
20
28
18
21
28
14
28
22
25
28
26
23
27
39
24
26
27
20
22
44
18
27
15
22
31
22
30
29
27
30
21
23
23
12
25
18
23
20
24
22
26
30
25
23
16
14
20
19
22
25
33
24
13
30
18
19
22
27
33
21
29
17
26
19
30
30
16
17
27
17
36
18
30
26
24
33
36
34
14
34
30
24
18
29
26
19
18
17
23
26
25
26
20
27
24
23
24
26
20
27
24
24
21
14
26
17
22
26
33
18
23
19
25
33
23
18
26
30
22
23
22
23
27
21
21
22
24
26
22
18
20
23
24
22
14
31
18
24
28
21
17
33
31
31
24
20
22
26
26
32
15
16
32
22
28
27
27
17
24
20
25
29
25
25
22
30
30
19
23
24
36
27
24
27
33
35
23
26
21
21
16
29
25
22
25
21
18
32
26
15
29
13
24
18
29
18
29
30
18
35
27
15
18
17
20
27
20
31
24
20
20
28
25
16
25
21
20
27
30
22
28
27
21
24
40
36
18
28
23
25
27
30
15
32
26
23
19
14
16
25
29
