33
24
26
33
32
27
30
26
36
28
35
29
26
41
30
28
35
27
33
33
22
20
33
40
30
30
29
34
29
31
29
28
35
23
31
35
32
36
26
35
25
20
37
29
34
26
39
35
29
41
29
36
32
39
23
27
27
37
37
44
23
21
29
32
33
34
30
25
36
31
26
33
25
20
33
43
37
23
40
23
38
30
30
32
21
24
20
26
35
35
32
28
34
33
36
23
28
27
34
25
27
29
30
27
37
33
33
28
28
21
24
23
26
36
35
37
30
42
26
26
39
33
19
40
30
31
22
34
28
34
26
31
40
24
30
31
30
33
24
33
33
37
36
31
31
35
32
31
31
24
36
27
30
22
31
39
33
21
27
33
26
28
32
31
22
21
17
26
26
29
32
31
22
47
26
30
26
30
25
30
33
27
27
29
27
30
28
36
35
27
35
29
26
24
31
29
33
16
32
29
31
25
37
27
34
29
27
25
40
22
21
14
36
17
26
25
33
26
26
33
32
27
36
28
32
37
37
26
33
31
30
35
37
29
30
36
32
41
27
24
39
35
36
23
33
23
33
26
32
34
25
33
31
41
28
31
35
30
23
27
29
25
31
32
30
44
40
31
30
40
26
35
26
28
32
42
27
38
34
24
30
33
31
37
28
27
37
29
29
29
32
29
25
33
30
29
28
26
42
28
23
27
31
49
31
30
31
36
31
40
25
22
30
31
35
34
35
42
25
19
43
38
26
28
30
31
18
31
28
31
