25
10
16
19
15
23
13
18
16
17
13
10
14
16
17
15
20
15
15
17
17
12
17
16
15
14
14
13
20
13
15
14
12
11
16
10
14
12
7
10
15
14
20
19
15
11
15
19
14
12
8
13
13
17
12
13
17
21
12
18
13
15
12
15
18
12
14
12
15
26
11
18
21
21
13
23
13
14
19
12
14
12
18
14
13
16
18
15
17
15
11
13
16
12
18
14
14
14
24
17
14
15
14
16
17
14
12
8
15
14
12
12
15
12
13
16
18
20
14
20
13
14
20
18
15
15
11
16
14
22
21
13
19
16
13
16
12
13
19
16
14
13
11
17
11
13
16
21
17
15
18
14
22
16
15
23
16
14
17
16
11
24
18
16
13
14
12
26
22
15
18
21
11
20
21
19
19
10
14
14
20
15
22
14
15
15
12
24
18
17
19
15
12
16
10
16
22
11
15
20
20
16
11
13
15
14
12
16
10
27
21
11
11
19
17
17
17
12
17
17
19
12
21
13
16
11
13
16
25
21
12
17
12
9
15
21
17
16
22
16
21
10
19
12
17
15
12
24
20
16
9
16
15
12
18
13
17
21
8
14
10
17
19
19
13
17
12
18
23
19
17
19
15
13
15
17
18
14
19
14
27
15
28
18
18
17
13
11
16
16
13
23
13
17
18
22
17
11
20
16
18
17
22
19
15
22
17
13
12
19
14
12
16
12
21
26
12
15
22
14
12
10
16
15
20
12
17
17
18
16
18
13
8
14
15
20
17
18
23
21
14
15
22
16
14
18
17
20
19
15
15
12
20
12
12
17
21
16
21
21
13
22
29
23
15
24
23
20
18
26
17
16
8
12
16
12
14
22
16
16
16
17
16
22
16
20
21
12
25
21
12
15
18
17
12
20
17
18
19
18
20
15
15
21
14
16
23
16
12
24
14
13
28
24
18
16
24
7
19
13
20
20
14
14
14
15
10
17
10
19
18
19
13
19
14
16
12
17
12
18
19
14
30
26
23
15
20
24
15
13
23
18
19
23
13
21
17
9
16
19
17
22
24
14
22
25
12
15
23
20
13
20
17
15
20
11
10
15
12
26
19
9
16
13
18
12
21
22
18
20
13
28
17
11
21
20
15
27
21
13
26
24
13
21
23
22
19
17
18
15
12
20
20
16
13
20
16
17
15
20
17
17
20
6
18
21
18
19
13
12
20
15
22
13
14
23
18
21
23
17
15
30
13
15
23
20
18
13
16
15
21
13
9
22
16
12
20
25
10
16
11
18
21
17
22
14
13
14
15
18
11
14
8
16
19
15
14
21
24
19
26
14
30
13
21
25
18
13
22
16
10
22
22
11
16
20
17
22
17
13
18
18
12
20
