33
13
16
10
17
13
7
16
13
12
11
13
11
20
12
13
11
15
8
15
13
16
13
13
19
20
11
16
17
11
18
20
15
20
21
9
17
14
11
11
13
12
13
8
12
11
15
11
16
18
9
14
11
17
13
16
24
14
18
18
17
12
25
18
21
21
18
14
15
16
13
17
15
19
17
15
24
23
25
20
15
15
11
9
12
13
14
10
10
37
15
14
31
18
27
14
14
23
11
18
27
14
9
16
10
14
22
16
13
16
9
14
21
16
13
20
17
11
19
17
13
17
12
17
15
9
16
14
15
16
21
12
19
17
13
16
17
18
15
11
9
22
18
11
25
12
20
17
15
13
23
15
14
20
13
13
17
14
18
18
18
18
18
7
18
25
29
14
22
15
21
20
14
10
20
16
18
15
17
16
17
17
15
26
10
25
25
13
16
16
17
25
12
12
17
18
23
17
13
14
16
22
13
17
10
14
18
9
16
19
11
12
13
15
19
11
18
16
24
11
10
22
14
11
18
11
18
18
15
15
9
12
24
16
13
26
12
10
23
14
18
19
14
13
19
10
24
12
20
10
20
14
14
18
19
15
28
21
17
17
16
14
19
15
17
9
12
16
14
6
8
22
21
22
14
6
25
12
15
22
11
14
24
12
17
25
13
11
27
13
14
18
17
13
19
12
13
24
7
12
21
19
10
23
13
14
25
16
13
16
12
12
21
11
14
17
12
13
17
13
11
11
17
21
22
16
25
19
18
22
8
13
25
8
22
19
13
10
20
17
14
24
13
19
15
10
9
26
11
15
18
4
13
18
8
17
19
11
17
32
12
14
14
11
7
18
12
20
17
14
22
11
13
25
12
21
21
13
15
17
22
12
35
16
12
20
14
15
19
14
13
19
11
15
17
21
11
10
14
9
15
21
17
24
16
19
20
14
12
20
15
21
20
15
16
9
12
22
9
19
27
15
17
22
16
27
25
24
17
19
10
11
20
20
11
28
17
11
23
10
35
11
13
8
16
26
15
13
14
15
22
16
19
16
14
25
15
16
15
22
13
23
15
18
30
25
14
31
14
17
21
11
21
25
11
18
18
17
16
23
11
11
23
20
18
17
14
16
18
21
16
21
9
26
24
9
23
13
18
14
17
7
17
22
7
16
15
10
25
12
15
30
21
14
23
10
12
15
10
15
25
19
14
24
17
22
27
17
11
26
12
18
15
19
19
18
14
10
13
14
15
17
17
12
24
11
19
14
13
19
11
11
18
15
14
20
14
13
17
12
15
24
16
16
15
12
25
14
14
22
18
13
11
19
26
18
17
12
10
15
9
7
18
12
12
17
12
12
19
13
5
17
19
10
22
13
18
10
9
14
21
10
18
12
12
14
18
10
17
10
14
18
20
25
11
12
13
20
10
