29
38
27
32
37
36
32
32
30
36
28
38
40
39
31
30
32
30
26
38
38
35
28
26
35
31
31
22
33
26
35
31
28
36
34
38
25
36
28
28
26
31
30
37
30
29
32
41
38
37
28
33
33
39
40
42
33
24
25
28
35
37
24
39
33
26
38
33
30
27
24
34
40
36
26
35
34
38
39
37
30
28
25
36
34
26
39
33
37
39
36
34
45
25
30
34
29
40
27
41
33
42
32
28
31
39
33
38
33
43
30
38
30
35
34
32
31
39
42
37
46
41
42
40
38
30
27
34
26
39
21
33
30
34
38
32
39
26
27
31
29
40
34
34
31
25
37
34
36
38
43
39
34
22
47
33
50
35
42
35
29
37
32
34
35
32
27
28
46
31
26
36
22
35
29
34
34
36
29
43
35
39
30
40
36
39
38
38
37
25
34
29
35
31
20
31
30
30
38
36
43
31
38
27
31
38
35
31
39
33
42
56
35
31
31
30
39
39
32
30
43
34
34
34
33
29
33
35
31
34
28
37
35
35
32
32
35
30
28
29
29
34
35
34
28
30
35
33
39
34
30
41
33
34
36
27
25
38
33
42
37
20
31
27
42
33
41
29
30
35
37
31
31
38
39
39
27
37
38
29
33
51
32
30
31
29
21
45
33
27
31
36
41
22
32
32
35
26
42
