23
32
24
31
37
16
28
23
24
26
22
28
18
27
32
27
28
36
26
22
36
28
20
25
28
26
31
30
29
31
23
23
27
23
33
31
33
45
19
22
23
33
36
28
24
35
32
32
24
31
25
26
38
25
32
26
35
35
26
29
33
31
32
34
30
35
24
27
30
29
30
26
21
35
27
29
27
27
32
24
35
22
35
27
26
39
30
31
25
35
38
27
34
31
36
37
31
30
34
24
32
24
43
34
32
29
33
17
29
37
31
20
30
29
22
29
18
26
30
22
29
34
23
33
32
26
35
30
25
27
28
36
36
25
29
30
29
35
32
25
19
23
30
27
31
32
29
30
26
35
29
31
30
28
17
21
37
25
28
25
28
31
32
27
29
25
23
36
24
24
31
30
27
40
19
45
40
22
25
29
27
27
33
37
28
34
30
40
30
34
30
30
27
35
28
18
32
34
21
32
26
32
26
44
34
35
26
29
27
29
31
22
23
36
26
30
25
20
37
26
31
30
18
32
27
29
27
23
36
29
36
31
29
25
29
32
20
32
30
27
25
38
34
34
25
19
29
41
32
34
25
25
26
29
32
24
31
27
23
34
29
27
23
30
29
41
30
27
41
21
24
28
29
28
20
31
38
25
33
30
23
27
21
27
20
35
27
18
25
32
28
36
36
29
43
25
28
32
39
36
31
32
44
37
27
25
26
37
31
26
28
22
31
29
21
21
27
25
26
19
32
37
25
31
29
33
25
35
20
26
31
22
27
23
25
29
37
26
28
30
26
38
37
22
31
