22
18
19
19
18
27
20
18
18
16
15
15
27
15
21
17
19
30
18
26
28
22
21
29
21
13
16
18
17
27
17
22
23
24
18
30
20
19
18
19
29
24
29
17
23
13
23
21
31
17
26
20
25
26
24
27
21
25
27
14
22
25
22
24
27
15
24
13
20
20
14
23
22
16
22
13
26
23
27
22
26
17
20
22
22
27
22
15
14
25
25
18
25
24
17
24
23
24
23
23
20
30
22
33
28
26
25
22
28
28
26
16
18
22
15
24
18
18
21
25
28
23
25
20
25
24
29
28
22
29
29
17
24
22
23
22
29
14
27
20
24
27
12
18
28
19
26
22
23
16
25
20
21
22
24
25
22
22
22
27
27
17
13
22
24
27
18
17
24
19
14
29
13
16
24
15
20
19
22
20
27
19
19
21
16
30
27
14
20
22
22
24
11
28
17
14
21
34
31
17
14
21
14
21
31
20
24
15
19
19
31
25
18
24
22
13
25
25
23
19
27
26
21
25
28
22
22
23
19
28
29
17
23
21
25
20
21
18
16
23
20
19
21
25
22
23
26
25
23
23
24
29
20
26
23
22
27
15
27
25
29
21
21
19
23
19
25
32
27
26
20
26
22
26
21
31
24
17
23
26
27
25
29
17
16
23
26
15
24
29
24
32
16
24
27
23
25
24
24
15
22
26
14
25
14
27
31
19
16
30
23
20
16
26
25
25
24
23
22
23
26
26
27
20
25
20
21
30
29
22
18
30
18
35
24
20
22
20
28
29
26
19
21
28
27
36
32
19
21
25
19
27
24
11
30
16
28
25
16
25
33
20
21
26
14
18
22
24
15
24
22
16
23
17
22
26
16
23
23
21
26
32
23
22
29
21
30
23
27
19
19
14
20
19
28
27
28
28
23
20
20
37
24
25
23
25
25
19
21
16
19
35
17
25
16
22
22
20
23
27
19
19
20
27
24
23
28
15
23
28
23
23
22
19
21
16
24
25
33
21
26
18
16
24
16
21
