33
53
56
54
50
35
50
41
54
63
37
42
35
47
48
66
48
33
55
52
41
43
39
46
36
49
36
46
40
41
50
53
45
47
44
42
43
44
55
44
51
61
52
49
48
44
43
32
53
71
53
55
36
51
40
39
48
44
36
31
45
37
54
56
43
31
46
37
44
58
43
24
47
45
40
53
50
43
51
58
41
42
57
34
40
58
45
40
55
44
46
47
48
44
53
39
51
38
42
48
30
48
35
53
47
51
39
31
54
58
50
50
51
44
39
43
55
47
40
56
48
41
48
40
38
46
43
45
47
37
42
47
50
44
53
49
49
53
32
50
47
54
36
50
44
46
37
46
20
40
44
61
51
45
55
43
39
57
45
34
31
53
35
66
45
38
37
57
50
37
35
44
49
38
27
57
49
50
41
38
38
41
18
54
38
34
39
42
53
47
60
46
40
37
32
39
38
46
40
38
36
55
64
62
31
36
67
37
66
43
39
36
44
59
48
40
69
43
58
41
42
