45
51
50
37
39
42
49
38
35
45
30
49
40
49
38
58
36
36
47
36
22
38
44
38
44
35
62
45
43
50
40
29
33
61
38
32
36
35
39
44
36
30
26
45
34
34
33
38
46
43
38
40
27
51
32
34
45
35
31
30
36
33
57
33
35
32
42
51
23
37
44
36
35
49
38
39
35
42
40
34
40
43
31
41
30
27
42
41
12
42
32
34
35
30
53
35
35
32
45
42
36
55
13
45
31
44
51
26
50
32
53
32
45
40
44
49
39
41
25
35
38
42
52
58
45
41
41
57
49
39
45
48
35
64
43
33
37
38
50
30
22
28
23
43
34
28
36
23
30
46
45
36
39
29
52
49
40
41
41
41
37
36
43
44
46
28
32
40
43
51
52
32
46
35
28
43
35
42
44
42
30
42
33
35
40
34
54
36
40
36
42
49
31
37
45
28
44
31
51
33
28
43
49
39
41
42
50
43
49
37
40
51
49
36
44
39
53
50
38
46
39
36
39
30
27
40
48
40
51
41
40
30
28
56
56
41
43
46
49
41
40
25
42
40
40
26
46
38
59
34
40
45
