27
43
37
43
49
41
32
32
58
47
41
37
34
44
25
49
36
40
44
53
52
45
38
59
44
33
32
39
44
46
53
41
38
49
45
49
28
49
40
39
59
37
51
54
36
46
42
41
39
56
33
20
36
52
35
38
35
36
32
40
53
42
32
43
51
45
39
44
41
23
38
42
47
51
39
41
40
59
29
42
54
42
39
45
51
39
37
30
38
53
39
53
33
49
39
44
29
36
41
57
53
42
25
38
70
34
33
41
32
42
39
44
41
48
46
26
51
36
33
30
46
42
47
32
41
57
38
43
29
46
46
44
35
36
27
45
42
52
47
54
40
48
38
48
38
25
45
39
34
48
35
42
29
44
38
36
37
36
30
33
44
47
50
49
35
28
47
40
47
36
34
45
48
56
43
39
28
45
29
45
22
40
39
37
31
42
52
40
42
27
39
53
49
55
45
39
32
35
50
43
41
34
50
47
43
47
42
43
40
33
52
32
43
32
48
43
47
27
30
36
46
40
40
44
51
57
46
40
49
33
45
32
47
39
31
31
38
50
36
41
37
32
38
16
