40
49
55
51
40
57
54
54
57
35
42
46
34
32
49
42
41
54
50
45
58
70
54
41
40
40
51
38
56
44
46
56
50
56
46
35
45
52
49
45
54
34
41
50
46
53
45
57
46
47
45
40
61
47
46
55
60
46
61
44
41
42
56
39
54
48
60
52
60
54
47
39
47
43
46
55
52
50
42
25
42
40
47
29
39
47
51
58
55
47
47
50
38
50
41
43
45
42
37
42
47
56
44
43
56
54
46
36
48
41
54
53
36
42
49
42
54
53
43
35
45
32
44
66
40
48
34
44
47
59
39
46
35
49
54
39
42
53
40
55
46
53
46
52
40
42
38
55
41
59
62
53
58
52
60
41
52
53
51
34
35
43
55
51
50
37
58
57
36
43
54
43
40
50
41
46
43
41
56
44
34
40
48
46
33
53
54
58
46
38
44
40
37
50
43
40
40
43
49
57
45
58
48
42
32
47
57
48
38
34
40
48
47
50
