37
45
37
47
32
31
41
40
32
38
41
40
41
38
37
34
40
35
25
37
37
35
48
48
44
34
35
39
33
43
36
41
37
32
43
22
30
40
37
29
41
34
43
52
41
32
35
42
55
43
36
40
39
41
44
46
40
36
41
39
47
29
39
49
37
43
33
39
47
39
42
25
49
44
52
31
43
54
42
41
44
44
43
57
39
46
43
43
47
37
39
45
53
45
61
50
44
54
42
41
41
41
48
45
49
41
48
47
56
57
54
63
43
42
42
50
64
60
70
48
61
43
42
50
59
66
51
58
51
57
52
55
63
49
58
63
70
69
49
51
58
66
48
44
57
45
56
44
56
61
52
48
56
57
56
54
41
60
58
57
46
52
46
61
53
57
76
63
53
37
44
55
46
54
48
55
55
53
58
55
57
60
45
48
46
51
46
53
34
54
43
53
60
46
43
64
57
59
46
53
64
54
57
48
52
64
51
55
47
52
61
48
65
