34
13
31
19
32
27
40
27
48
24
40
23
35
29
35
22
37
42
45
28
27
35
43
40
59
39
37
36
37
46
24
38
47
39
36
30
46
53
32
35
36
35
28
40
45
40
57
45
30
41
50
22
27
34
45
37
35
44
35
46
34
42
57
26
38
28
39
46
31
34
35
24
45
46
26
34
35
45
27
43
36
43
24
38
26
46
30
38
53
35
46
41
35
24
36
32
48
37
35
37
44
42
43
36
30
44
34
35
33
39
40
38
37
21
26
36
42
41
32
23
49
32
21
45
28
38
38
28
39
39
54
29
49
40
38
28
30
52
56
37
42
44
47
39
35
49
51
37
38
52
47
32
51
29
45
49
37
36
48
35
37
65
44
36
38
37
32
50
38
49
54
48
57
46
37
52
40
58
26
17
53
33
39
57
44
34
33
46
38
30
55
48
49
39
43
38
54
51
27
40
24
39
47
58
46
44
38
47
40
35
42
37
42
21
33
41
30
35
44
37
40
34
20
30
29
41
26
47
44
44
42
29
41
28
34
21
26
37
27
27
43
46
39
28
19
43
28
23
28
35
34
37
39
26
47
46
36
36
44
24
37
46
44
42
