34
12
17
31
44
36
38
37
39
40
61
53
44
33
40
36
27
39
41
49
41
38
31
68
39
28
40
34
34
54
32
45
63
48
41
42
32
42
38
42
31
17
31
32
34
52
41
48
37
47
42
44
28
53
31
25
37
46
38
34
26
18
34
39
46
44
32
44
19
49
45
38
51
19
19
29
27
54
13
39
32
33
50
31
29
45
36
30
43
49
46
16
35
29
40
50
39
27
32
41
37
33
42
57
36
58
39
37
53
32
23
60
39
36
33
54
29
46
22
32
36
43
35
36
46
36
34
45
38
34
34
20
37
36
15
30
53
38
28
43
37
25
22
43
39
40
42
33
38
46
22
36
37
40
15
44
36
32
45
29
31
31
33
38
47
28
34
30
43
29
42
22
48
44
45
44
47
59
26
48
30
47
30
35
29
51
48
46
39
32
51
37
40
41
49
50
40
27
41
51
41
54
39
38
25
56
42
41
60
47
46
36
42
32
42
59
39
42
38
50
44
46
38
43
28
48
26
39
35
52
35
50
40
46
29
26
55
50
56
35
40
48
47
33
50
39
53
37
24
48
35
36
45
40
32
41
39
40
34
38
