37
52
34
37
53
46
36
40
62
61
50
47
42
58
48
60
36
31
46
47
53
43
47
34
38
55
55
53
51
44
45
40
52
39
51
51
52
47
38
40
36
41
44
42
36
41
29
39
37
41
52
38
43
38
26
41
40
43
25
38
36
30
43
35
43
39
38
30
43
48
36
34
35
48
39
39
40
32
36
42
30
42
44
40
41
47
29
30
43
29
42
48
46
43
48
37
45
24
35
30
45
51
40
34
37
39
40
26
50
42
34
42
41
48
40
34
39
43
38
35
49
43
40
39
44
42
34
28
41
47
41
63
55
37
39
38
37
52
35
33
45
37
37
42
37
42
45
24
35
33
39
49
33
46
43
37
40
41
43
37
51
44
47
35
30
31
51
40
47
42
38
47
50
46
51
42
30
45
36
48
47
36
42
57
39
38
38
36
57
46
42
47
39
46
43
29
56
42
52
52
40
43
51
37
43
52
55
34
66
57
47
62
65
45
50
44
64
48
40
56
64
47
42
45
53
54
50
51
53
55
38
59
54
54
