28
18
18
15
11
12
12
13
11
17
12
8
22
15
14
13
11
18
22
32
55
43
47
42
32
37
35
38
53
40
59
63
41
34
36
45
41
37
42
40
47
44
36
33
31
40
45
43
19
38
35
27
44
20
28
35
40
21
18
24
28
27
29
48
32
37
37
39
38
32
38
47
39
29
49
31
31
53
22
13
25
39
46
42
37
18
28
49
37
43
38
39
35
40
40
45
37
22
21
31
42
42
28
34
40
50
42
27
37
46
27
25
31
27
22
42
23
24
23
33
36
34
36
40
40
36
31
48
30
50
28
38
41
34
52
15
27
15
24
23
18
29
23
43
23
15
13
21
27
25
44
38
30
24
26
38
30
36
35
60
37
38
40
16
25
19
39
52
34
36
18
20
36
33
32
38
40
52
57
27
38
44
41
39
57
47
34
41
28
21
56
49
54
54
60
28
47
29
47
38
47
45
43
49
43
45
43
49
46
46
44
30
52
41
48
50
42
37
32
40
45
45
51
53
36
40
57
38
32
61
53
57
48
43
38
54
53
50
40
61
46
45
37
44
40
39
12
16
15
14
13
11
16
7
15
17
21
10
31
34
47
32
38
67
51
48
26
45
41
48
43
43
30
69
45
19
34
44
48
54
42
63
