58
59
56
50
58
52
61
50
50
53
39
49
45
61
42
51
57
57
52
61
47
61
56
52
59
61
50
37
51
56
35
62
51
65
54
51
59
59
50
39
63
42
51
59
63
57
58
48
53
49
39
38
59
47
46
47
62
59
46
49
57
61
64
51
45
57
68
48
52
45
52
55
61
48
50
52
61
39
54
52
50
59
51
53
64
54
64
51
51
44
43
53
48
62
59
49
41
53
39
47
69
44
53
54
43
53
58
55
62
45
63
66
59
44
66
56
54
56
62
68
73
52
62
48
63
55
42
58
55
61
42
44
57
54
69
68
46
56
64
61
66
48
51
48
45
70
59
44
50
61
65
52
54
43
48
51
49
37
67
57
55
68
44
53
49
43
49
39
39
52
34
38
41
40
35
48
49
43
38
37
33
39
39
42
34
38
37
38
33
42
43
41
36
32
