24
16
16
18
12
17
17
14
18
12
14
16
15
14
20
21
16
14
25
19
13
18
15
24
12
16
16
16
20
14
17
16
16
19
18
14
16
15
20
18
14
17
16
26
21
15
19
15
13
20
13
21
17
18
12
19
18
14
19
18
21
13
13
26
11
14
18
12
18
19
15
22
19
18
15
14
24
16
11
17
19
12
17
13
21
18
16
14
13
15
22
16
16
13
20
20
17
13
24
13
19
17
18
27
27
15
17
16
11
19
15
11
23
11
16
17
14
19
16
15
16
14
18
16
15
21
15
22
19
18
18
24
19
16
22
24
17
22
19
18
27
14
18
10
25
18
17
21
17
18
12
16
15
19
25
23
17
14
20
21
19
24
20
17
18
16
18
17
21
13
18
16
13
20
14
19
12
18
16
15
20
15
16
13
19
18
18
14
18
16
15
18
18
18
13
17
21
17
15
11
16
20
21
12
26
21
15
16
20
19
24
18
22
16
16
14
14
16
19
20
20
15
17
25
17
15
18
15
18
22
15
16
18
19
16
20
15
20
18
17
17
20
12
12
20
17
16
15
14
12
21
13
13
16
15
20
18
15
18
20
26
17
21
13
12
15
17
17
17
15
13
15
13
12
19
16
15
16
19
26
14
19
19
18
15
14
23
20
12
21
14
19
15
24
14
12
14
15
17
21
16
16
21
13
20
18
18
20
25
20
18
17
23
18
15
17
19
19
17
28
20
21
21
25
27
13
19
20
23
21
17
20
16
14
16
24
15
20
16
20
17
17
20
18
17
24
14
20
18
19
25
20
18
17
26
17
17
28
18
11
14
10
17
21
10
15
13
18
16
17
18
24
14
21
16
17
19
17
13
14
20
26
15
25
20
16
23
16
12
18
18
19
26
24
18
18
21
24
22
20
20
28
14
18
16
22
15
25
19
19
23
16
23
21
21
16
19
22
15
18
13
18
21
18
17
17
23
14
11
17
21
19
15
14
17
14
19
22
17
18
20
19
16
12
14
23
25
21
22
15
22
15
17
19
21
20
19
19
31
23
20
18
13
15
20
18
19
15
18
18
19
17
21
23
13
18
12
18
14
16
20
12
11
25
19
18
27
20
31
23
13
20
15
25
14
18
15
22
19
17
18
16
21
18
16
17
21
25
15
17
14
15
17
19
23
18
19
20
16
33
21
17
15
21
20
23
20
29
25
14
23
16
20
23
19
23
17
20
18
20
15
22
19
21
12
17
19
14
13
18
19
18
14
18
17
16
16
17
12
21
