15
14
13
11
18
14
14
20
12
15
12
11
15
14
14
18
8
12
13
19
12
23
14
10
15
8
23
15
17
11
19
12
17
13
15
16
17
17
16
13
14
15
23
12
17
16
14
14
11
15
17
14
14
11
13
14
11
12
18
16
17
16
12
21
18
8
18
8
20
12
20
21
17
16
16
14
16
14
15
11
15
14
19
10
14
14
14
12
10
8
13
16
17
21
11
16
21
16
18
19
13
12
13
10
14
13
7
16
10
10
19
16
14
10
18
16
21
15
11
16
19
15
11
16
17
19
15
9
15
15
24
10
24
18
17
9
11
15
14
13
16
13
12
12
10
17
10
13
10
16
21
17
11
19
18
12
14
10
17
16
9
16
17
15
10
18
16
13
18
18
16
16
13
11
12
13
17
15
17
14
16
11
20
22
14
11
10
16
12
14
11
21
14
15
18
17
14
15
12
14
18
10
16
16
14
11
13
11
14
18
17
11
15
14
11
14
16
15
16
19
15
14
13
19
16
12
15
11
10
17
9
14
16
16
9
12
12
9
15
11
11
17
15
14
13
17
16
18
14
16
13
19
17
18
10
11
18
21
17
9
17
16
16
14
20
18
11
13
11
9
12
13
13
16
13
12
15
10
14
16
13
13
20
17
9
12
14
10
19
14
20
14
11
14
13
12
19
16
15
16
19
20
19
19
17
19
19
16
15
17
19
11
17
13
12
14
18
15
19
14
11
14
12
15
15
11
21
16
15
12
17
21
12
12
14
13
13
18
14
14
17
14
17
19
20
9
18
13
14
18
10
17
19
10
14
20
19
11
16
21
18
20
7
14
19
17
16
18
14
8
15
16
18
15
15
11
14
11
17
22
13
14
19
13
17
19
14
21
17
15
18
19
11
20
15
17
13
14
17
24
18
11
14
11
10
18
9
11
24
11
15
17
15
12
12
17
15
16
22
16
14
12
8
16
18
12
15
18
20
20
13
18
18
14
23
18
17
24
10
20
14
12
16
14
9
21
18
10
15
22
16
16
18
12
21
17
14
12
15
14
15
16
14
11
13
11
14
22
14
21
13
16
19
12
11
13
18
14
14
17
11
22
14
12
22
20
12
21
18
11
9
14
9
15
18
13
14
8
12
17
14
24
18
17
14
13
14
16
13
10
12
24
18
19
13
19
19
12
14
19
13
13
20
19
22
21
15
13
19
9
12
19
17
13
17
14
14
13
12
10
15
14
11
14
11
11
15
13
11
18
17
17
12
13
14
17
11
18
12
11
20
12
13
25
10
16
19
12
14
18
12
21
21
14
14
16
18
11
16
16
15
12
16
11
16
15
19
14
11
12
15
18
17
17
16
8
10
14
17
17
11
22
11
20
15
21
13
16
18
10
17
16
15
15
11
21
18
15
10
16
13
16
14
16
14
18
11
15
16
14
14
17
18
14
14
15
12
13
14
16
15
15
20
21
18
20
15
11
16
9
14
17
14
20
10
17
16
21
13
14
14
11
10
24
15
13
17
7
13
