13
16
23
24
22
24
17
23
21
16
17
24
15
24
18
21
18
25
20
19
20
21
17
24
21
25
14
19
24
14
21
20
28
19
17
11
14
22
16
27
32
25
19
23
13
21
21
21
21
15
19
15
23
23
21
19
15
25
16
19
21
16
23
15
32
17
15
12
24
21
19
23
16
16
26
17
29
14
15
28
16
20
20
22
22
23
21
21
22
15
11
29
20
14
15
15
19
16
22
20
17
19
26
19
28
22
16
18
21
17
18
17
19
20
17
19
17
18
22
22
21
18
20
19
17
15
14
18
22
40
18
30
19
21
28
16
19
21
28
23
20
19
18
25
13
9
21
18
24
21
21
21
23
25
21
23
26
18
16
17
23
13
22
21
27
25
25
21
16
19
14
22
21
21
18
24
12
23
22
23
19
18
24
11
27
26
17
17
21
19
16
25
28
15
26
25
11
13
15
24
25
19
15
17
17
15
20
19
22
23
26
20
22
30
21
20
12
13
22
24
13
19
22
20
25
24
23
16
19
22
22
20
20
22
18
21
29
18
16
20
17
19
16
28
22
18
24
23
12
16
23
16
17
27
19
19
18
20
23
21
19
18
30
28
21
16
17
22
28
17
16
21
23
23
25
20
24
27
17
21
10
20
19
17
23
17
15
24
27
16
19
20
17
28
20
21
23
15
14
24
25
22
29
19
18
17
25
27
20
22
21
27
23
27
21
24
29
17
26
16
22
20
28
21
24
26
18
25
28
24
20
20
28
30
30
26
31
25
19
26
18
15
34
39
18
14
19
25
23
21
19
14
27
23
20
20
15
26
28
22
14
25
24
21
25
19
28
20
21
22
25
21
34
15
20
16
28
24
39
21
32
26
15
19
22
20
19
25
25
22
26
25
21
26
17
21
25
19
19
21
27
27
24
30
19
25
26
23
35
16
22
18
20
27
30
21
22
28
22
34
19
24
30
24
16
20
24
24
24
21
26
27
16
16
17
32
16
14
15
15
29
20
15
20
26
19
20
27
17
27
19
17
18
22
21
23
17
16
16
25
40
32
16
21
19
12
20
23
19
22
18
22
36
16
26
