18
14
21
20
21
21
22
23
20
17
18
16
12
18
21
17
16
23
20
17
23
16
17
20
19
18
9
12
17
22
19
25
23
21
13
14
17
17
16
20
15
18
22
25
21
20
22
17
17
24
25
23
25
25
24
17
21
20
25
26
22
22
16
23
16
21
16
14
16
19
23
12
18
18
28
25
13
18
18
19
24
26
20
21
19
14
23
28
22
19
20
22
18
22
20
24
18
20
18
22
18
23
19
24
15
12
27
16
23
22
20
17
17
15
21
17
13
22
20
20
26
26
20
19
27
13
18
19
29
29
16
27
18
25
14
16
17
20
19
22
21
26
28
31
22
26
18
25
20
34
16
20
21
17
17
22
17
17
13
19
22
16
22
17
18
19
22
24
20
22
22
23
16
17
17
19
23
23
18
25
23
15
26
24
20
19
19
17
17
21
12
21
13
23
15
15
19
19
22
22
19
23
26
22
22
17
22
26
23
20
12
19
17
20
21
13
20
16
20
20
28
21
24
27
17
17
29
17
18
13
21
16
24
16
24
21
23
21
19
22
20
21
21
24
24
25
21
31
22
18
19
19
20
20
16
14
19
16
15
24
25
17
17
26
18
24
24
18
16
25
21
25
24
14
15
25
17
24
25
21
20
24
24
25
16
25
21
22
19
16
24
28
15
27
24
28
28
27
21
17
22
26
23
16
27
39
25
24
18
20
28
26
23
26
18
21
22
31
29
24
16
29
26
19
35
18
23
27
21
35
24
14
20
16
18
20
29
28
31
20
22
19
22
22
19
26
17
27
19
12
20
19
21
20
29
30
16
21
23
24
17
10
17
27
30
30
30
20
16
29
25
20
19
25
27
19
31
27
24
38
17
19
18
22
23
31
22
24
31
34
19
22
26
32
29
25
26
24
18
21
15
24
26
22
24
24
25
26
20
30
19
25
29
24
21
15
22
28
16
19
26
18
25
17
15
25
26
26
18
25
28
14
20
30
21
17
23
17
25
20
24
23
28
32
24
29
23
26
16
23
17
19
19
21
22
22
21
27
24
19
26
24
20
23
25
17
30
31
21
26
