35
17
20
17
16
21
20
25
22
25
15
19
17
25
19
15
14
26
26
24
25
16
20
22
21
16
28
20
20
21
23
14
24
25
20
27
19
22
19
19
22
17
26
18
20
20
20
22
15
18
22
22
16
20
23
31
17
20
20
23
20
18
19
21
24
19
22
29
20
16
20
18
10
20
22
22
22
15
19
20
18
22
25
19
19
19
20
23
19
19
21
22
20
23
16
23
27
15
17
26
19
15
19
22
15
21
20
13
21
23
24
23
21
18
17
20
20
19
20
20
14
21
14
16
27
20
27
23
22
29
13
15
21
18
16
17
25
24
20
24
26
22
22
22
20
17
19
25
14
21
16
19
21
22
23
23
18
26
21
24
20
20
16
24
20
27
16
20
24
18
26
16
24
24
19
15
20
23
20
22
23
21
19
27
22
22
16
15
19
20
20
18
26
20
19
24
18
31
20
23
25
23
29
22
21
15
21
22
22
21
19
29
23
24
25
20
15
17
35
18
20
25
24
16
26
24
17
24
22
26
27
21
25
30
18
18
18
20
23
24
30
24
18
23
20
29
24
26
37
30
20
29
22
24
19
21
24
26
16
22
24
24
20
18
22
42
23
19
22
24
15
16
18
22
19
27
25
19
15
26
19
27
24
22
24
26
21
19
30
21
23
24
21
25
31
20
19
31
36
18
27
25
33
29
22
23
26
25
14
24
28
21
25
35
31
17
18
17
27
16
18
17
25
27
25
23
25
18
20
18
24
19
17
18
14
25
22
19
20
20
25
17
28
31
24
20
38
40
20
20
34
22
20
34
15
32
32
30
24
22
22
20
20
18
27
21
24
32
17
20
22
20
23
28
21
27
20
24
22
27
24
26
27
25
23
19
32
28
29
25
21
23
23
22
25
27
26
19
15
21
24
19
26
19
15
17
21
17
17
24
21
22
24
20
20
21
25
23
23
29
24
17
16
17
29
26
26
31
13
27
16
31
32
19
23
21
29
20
22
28
17
25
21
25
22
20
23
14
25
25
19
16
28
20
26
28
