27
16
13
26
22
10
18
17
15
12
12
21
15
14
9
12
11
10
17
8
11
15
7
11
13
11
17
13
9
18
11
8
15
11
12
19
9
14
6
9
19
8
10
13
11
14
10
13
14
13
10
12
18
15
8
13
13
14
8
13
14
18
11
16
9
13
16
12
10
12
13
14
13
14
11
12
9
8
15
7
7
18
11
14
12
14
19
10
11
24
11
6
19
10
11
18
14
13
17
11
8
17
16
10
14
3
14
15
11
9
21
14
13
12
17
10
11
16
11
20
16
15
15
10
12
19
12
16
10
11
15
9
11
19
12
10
23
9
9
16
13
11
20
12
14
17
11
8
17
11
12
10
11
13
21
12
10
15
14
14
13
11
9
15
15
9
14
9
10
17
13
13
14
10
17
14
13
30
16
14
21
12
10
22
13
13
17
10
14
15
16
14
16
16
8
22
13
16
13
10
9
25
10
10
19
10
12
16
16
12
20
15
13
12
14
19
14
13
20
13
16
21
11
17
29
17
14
18
11
14
24
17
12
17
13
27
16
15
15
18
18
15
21
15
14
20
14
12
19
12
7
17
9
14
21
9
16
14
18
17
17
9
13
14
14
21
20
13
25
13
11
19
21
14
23
15
13
20
14
7
18
14
12
15
10
13
25
10
16
26
9
11
14
22
15
18
11
7
17
10
14
14
13
12
23
22
17
13
17
24
11
11
18
14
14
17
15
11
23
10
9
17
18
13
14
16
12
19
16
12
20
13
9
14
13
13
15
12
8
21
7
8
13
11
12
18
17
7
16
10
16
25
21
26
9
16
23
12
4
15
20
10
23
14
13
16
14
11
24
11
14
11
16
14
14
17
13
11
19
15
14
10
10
22
5
15
10
12
9
18
17
11
14
12
18
16
11
11
17
22
28
12
17
22
16
12
23
12
19
28
21
15
23
10
12
19
10
9
20
16
15
24
11
14
13
12
7
11
15
13
16
9
9
14
12
9
12
13
15
18
22
11
13
13
13
17
14
21
13
12
21
11
12
28
15
17
16
15
14
18
14
15
14
12
14
9
15
21
25
13
11
23
20
14
12
12
10
21
14
12
25
19
14
15
12
13
12
13
22
14
11
23
21
12
19
13
7
22
19
13
19
13
19
17
12
14
16
16
13
21
16
14
21
33
18
15
16
11
14
15
13
16
7
14
21
16
14
15
13
11
19
12
12
17
10
18
13
13
25
7
15
18
12
15
6
11
5
21
16
10
22
10
17
22
15
11
17
13
10
13
14
15
18
12
13
19
11
12
22
10
15
15
10
15
15
14
21
17
15
33
17
10
23
16
15
23
13
17
28
17
14
19
15
17
21
21
11
22
15
16
20
10
13
9
7
12
19
10
14
22
10
12
14
18
12
16
14
16
21
13
16
19
20
15
15
11
16
12
15
25
11
13
25
14
12
28
14
9
23
8
15
20
23
8
19
10
17
17
8
6
20
15
13
18
9
14
24
11
14
24
10
12
14
7
12
14
12
13
14
10
10
17
10
16
17
7
14
16
14
11
15
15
15
16
