34
9
19
23
14
10
13
15
14
11
18
12
18
15
12
22
16
18
16
15
12
13
16
11
14
16
17
17
16
17
15
15
20
21
11
21
16
15
15
8
20
16
15
14
16
11
17
23
21
20
13
17
14
12
11
24
18
14
15
17
12
20
10
9
16
12
19
16
11
16
13
14
15
17
16
15
11
17
16
17
16
21
11
17
15
13
13
20
16
11
16
10
14
17
11
19
21
16
10
14
16
18
14
11
15
10
11
18
15
14
17
17
16
15
17
15
16
16
20
18
14
8
17
15
14
14
15
15
15
17
10
15
12
18
16
15
14
9
11
14
19
21
15
13
11
19
14
14
15
14
18
13
20
17
19
22
17
19
19
15
15
19
21
19
12
18
18
18
10
17
19
21
17
9
20
15
16
16
16
18
15
23
21
10
13
20
15
15
19
22
26
22
22
18
20
19
18
25
15
25
22
19
18
21
22
16
19
11
23
24
9
13
21
18
14
16
16
13
25
14
19
10
17
23
20
14
29
16
23
21
16
22
16
16
19
17
11
20
18
22
19
14
16
15
22
13
9
21
13
13
27
15
14
19
17
15
23
10
11
21
15
19
17
21
15
22
11
17
14
15
19
16
17
23
14
14
25
16
15
18
16
10
17
19
12
23
15
15
22
12
15
19
7
13
14
13
9
17
14
17
16
19
13
17
12
14
16
13
17
18
14
17
16
23
15
20
17
18
15
17
17
21
18
17
11
18
33
16
16
35
10
14
23
19
24
16
16
9
23
16
16
21
11
19
19
23
22
15
9
18
14
16
12
18
11
18
20
15
13
20
12
13
14
14
14
9
15
19
19
18
12
21
16
15
17
16
14
15
14
24
13
15
10
15
15
17
26
20
16
23
16
21
21
17
24
15
13
25
13
18
30
26
16
25
22
16
20
18
20
17
21
16
17
21
14
19
17
13
19
13
9
23
16
12
20
16
17
15
13
18
20
17
26
16
13
23
19
18
20
10
23
25
12
11
24
15
21
16
12
14
18
12
21
21
12
9
21
15
19
21
28
18
19
22
12
12
10
23
17
17
15
21
13
12
27
15
19
17
16
20
19
14
24
26
16
17
22
7
29
13
17
22
19
12
16
18
16
18
18
18
18
21
16
21
17
18
20
17
14
16
14
15
15
19
17
22
12
20
22
25
15
15
13
15
23
19
23
22
11
23
25
15
16
14
18
21
14
18
24
17
15
17
16
15
26
11
19
19
18
21
21
17
16
17
13
21
19
12
10
22
20
15
29
19
16
14
16
17
12
13
13
18
17
22
18
18
14
19
29
11
12
13
19
13
19
27
15
13
24
12
17
19
12
17
24
