47
54
58
49
71
45
44
54
54
64
49
55
66
49
65
63
71
50
65
55
61
61
50
63
56
50
49
67
59
52
54
53
55
64
53
51
46
39
51
52
56
57
58
50
57
42
57
54
61
49
58
57
51
45
41
64
58
52
56
56
63
50
61
52
57
48
60
60
44
46
42
65
52
46
58
48
57
69
57
59
44
61
70
52
59
55
67
52
51
56
61
58
47
58
60
47
49
51
53
53
57
73
57
67
58
45
50
54
58
58
52
57
45
54
70
51
66
62
61
57
58
63
42
41
61
43
60
62
51
52
57
64
57
55
57
42
51
61
45
68
59
53
57
52
50
49
56
52
63
52
45
54
58
60
48
49
66
50
67
48
57
50
61
59
63
72
54
55
48
56
55
58
48
63
56
51
43
52
57
51
60
57
