23
37
27
27
24
22
24
21
26
22
33
20
37
21
22
25
24
21
26
31
27
30
22
38
24
32
27
27
31
21
31
33
25
32
20
29
22
43
27
26
23
23
16
27
27
27
26
31
22
31
40
24
17
22
20
29
32
30
29
33
24
26
32
21
27
34
21
22
31
42
27
24
27
27
27
27
26
27
22
22
20
22
19
27
30
26
27
14
33
27
24
20
22
20
30
24
26
24
22
23
25
35
28
25
21
31
23
26
28
24
32
25
28
29
17
28
26
22
22
23
31
20
25
28
25
15
27
30
25
23
23
27
23
17
35
26
29
32
23
26
34
29
15
23
26
19
45
29
25
26
18
23
18
27
24
27
21
24
19
22
25
24
25
25
24
32
29
27
20
32
26
34
26
23
22
32
30
28
20
24
26
22
28
30
33
29
26
29
32
29
34
30
21
18
24
21
27
24
23
24
26
28
24
27
25
24
30
34
26
24
22
22
24
34
23
23
16
24
27
23
21
24
25
27
38
24
29
39
23
25
26
30
19
17
21
32
24
25
21
23
25
24
26
24
34
35
23
28
31
26
24
36
19
23
33
29
14
34
21
39
15
37
32
29
25
43
34
30
28
31
25
17
21
23
18
20
25
21
26
24
30
26
33
53
27
24
17
25
17
24
26
26
33
32
26
17
26
21
33
33
36
32
33
34
24
23
26
33
33
24
28
19
40
24
34
19
22
22
28
28
27
19
31
25
27
34
23
33
24
31
27
31
36
36
43
31
36
34
37
33
25
27
19
31
46
35
26
22
21
36
23
22
28
25
44
32
44
36
36
36
27
33
22
24
27
30
32
28
23
25
21
23
23
31
