28
25
25
34
37
31
32
47
37
41
44
38
45
36
35
45
44
40
51
44
49
50
40
42
43
45
48
49
37
52
44
43
50
45
47
50
59
45
51
38
42
47
47
47
43
53
60
49
50
45
53
49
57
53
43
49
43
56
60
51
46
52
39
48
48
57
52
58
39
39
39
49
56
33
47
63
61
43
52
44
51
47
55
42
57
55
49
40
49
62
48
61
51
53
41
42
56
47
48
51
51
57
45
67
58
41
61
45
47
46
53
43
65
61
55
52
36
44
38
50
46
48
57
58
42
59
47
60
47
46
51
48
52
45
49
57
48
44
53
48
48
46
50
46
48
52
51
63
53
58
41
41
51
49
56
49
43
42
43
44
53
49
48
47
45
51
50
53
43
33
52
53
59
56
46
56
60
56
45
47
47
58
49
55
44
36
40
47
42
50
71
54
44
52
45
56
53
47
48
48
51
59
49
51
48
53
46
61
