23
37
32
30
32
29
39
26
41
42
46
47
50
47
45
45
49
43
36
46
44
49
59
35
39
43
41
38
58
55
45
54
55
49
53
48
55
64
44
52
51
48
49
52
57
49
58
58
45
51
44
52
61
49
58
51
58
49
46
51
50
54
53
61
52
54
44
56
52
46
46
46
52
54
61
46
56
48
53
51
77
71
62
53
50
54
60
55
66
64
60
58
49
57
66
53
59
70
54
55
51
48
41
51
51
57
53
43
54
53
58
45
55
53
50
48
55
48
49
54
55
56
44
72
69
54
46
47
54
55
40
52
53
52
62
47
62
51
42
54
61
56
43
60
65
58
52
48
51
58
52
64
38
44
54
59
47
56
51
55
55
45
49
54
59
57
43
48
49
50
52
54
51
49
46
52
45
52
52
61
68
38
59
55
57
56
53
58
53
60
55
59
61
66
