31
12
8
9
13
9
13
15
16
13
12
19
16
22
17
11
13
22
15
17
27
36
33
37
36
45
44
42
57
52
46
53
59
52
47
61
59
46
63
60
52
69
65
85
68
54
65
63
53
62
54
55
58
68
55
58
63
70
66
64
60
60
59
71
64
65
88
56
61
59
59
66
72
57
66
71
45
63
68
67
61
61
61
74
61
54
56
65
76
67
69
89
76
63
62
65
62
75
55
62
75
60
63
58
65
68
66
72
66
64
68
70
71
56
66
53
58
70
67
62
74
66
73
47
57
67
67
54
56
63
47
64
64
56
72
78
64
51
82
68
62
83
63
68
61
83
72
79
75
75
68
86
70
73
62
68
75
64
67
70
77
57
52
64
68
53
74
79
57
78
64
57
71
64
