21
19
20
26
25
26
31
33
34
37
37
39
31
52
36
39
39
36
36
41
41
38
42
44
45
34
45
37
42
43
45
37
36
47
41
48
50
42
42
47
44
46
36
49
46
47
48
48
46
47
39
44
48
50
51
51
41
42
49
50
38
41
37
51
50
47
36
51
43
60
50
42
50
41
58
59
50
42
46
50
42
46
41
41
54
50
47
38
51
42
42
49
46
37
50
46
50
46
40
53
44
49
47
50
42
45
50
54
45
49
45
45
35
42
47
48
43
44
45
54
40
39
47
52
44
62
50
43
47
44
37
44
49
43
55
45
56
53
51
52
46
42
46
56
39
58
52
46
46
48
46
50
53
50
46
43
44
55
53
38
45
45
67
47
46
40
50
62
49
47
52
58
44
45
48
48
46
55
48
44
45
54
54
48
45
54
39
51
46
47
37
45
53
53
38
56
39
52
33
59
48
37
53
56
39
47
49
33
51
53
58
50
50
42
46
55
59
49
44
45
