17
17
20
19
15
16
19
16
12
18
24
25
17
15
23
18
17
14
18
24
19
21
14
18
19
16
18
14
13
17
13
15
11
17
21
11
16
22
15
18
19
13
16
17
14
15
20
17
18
18
15
17
18
18
22
19
17
17
20
17
18
17
15
15
17
16
17
21
17
23
22
16
15
18
17
16
11
16
13
16
19
13
19
19
15
17
15
14
17
20
19
15
15
18
17
21
14
20
17
20
16
12
21
17
16
14
15
20
19
21
14
19
17
22
16
18
18
15
16
22
16
13
17
18
14
15
18
21
16
22
16
20
16
13
18
14
22
20
23
23
20
10
22
17
25
22
15
14
18
20
21
19
16
16
16
20
15
19
18
14
17
16
12
22
20
18
22
16
20
14
21
23
21
17
18
22
15
18
22
20
20
20
20
21
23
13
15
12
10
26
17
21
17
21
19
14
15
16
18
22
17
18
17
18
17
22
18
22
13
20
17
17
14
21
16
16
21
15
17
18
17
17
19
14
23
16
16
24
18
15
21
13
17
19
19
19
16
12
18
23
16
19
18
14
19
19
14
18
15
18
16
24
20
13
21
19
19
18
20
17
17
18
16
16
16
18
11
18
19
15
17
24
18
21
18
12
14
16
12
14
20
22
20
20
19
19
18
16
17
18
20
17
18
18
16
16
15
16
22
21
12
19
19
15
17
13
19
21
11
23
20
18
21
20
21
25
15
14
17
19
19
20
17
15
20
15
21
25
14
16
14
15
13
12
18
17
21
14
19
26
17
17
23
13
18
15
14
16
14
17
21
22
13
14
20
27
19
19
20
23
18
17
18
12
22
22
25
16
20
17
15
22
16
19
20
21
21
22
21
17
18
12
19
20
18
21
18
21
15
15
15
13
21
20
25
18
16
18
17
17
17
13
15
16
23
15
16
17
13
21
16
18
25
20
16
22
19
15
19
15
17
22
11
17
15
20
18
21
13
14
22
22
21
16
22
19
18
19
19
20
16
16
16
22
22
17
16
19
19
14
19
14
19
20
21
17
18
19
18
26
20
15
25
18
18
21
16
15
20
15
16
19
16
24
19
19
19
26
14
18
14
20
25
16
13
23
18
15
17
27
20
19
13
16
17
21
20
22
19
15
15
18
10
22
17
26
23
16
27
18
8
20
19
16
15
20
21
19
29
19
17
16
14
17
16
22
16
21
19
20
14
17
16
17
17
24
21
24
16
24
14
23
16
12
21
15
13
18
24
24
17
19
17
16
16
16
18
12
22
19
