31
26
25
32
22
31
30
23
32
27
26
24
37
24
31
25
21
23
30
21
16
27
30
36
30
33
37
24
24
21
23
26
25
31
33
23
26
25
35
30
33
28
32
35
30
28
27
29
19
24
25
35
27
33
35
24
35
25
27
27
34
31
28
26
31
18
28
26
30
33
27
26
25
27
32
33
30
33
29
43
30
24
23
32
30
28
30
27
26
26
30
29
33
21
34
30
23
25
26
28
21
27
28
31
31
33
20
24
24
26
21
27
35
25
22
31
25
36
21
35
27
27
25
36
22
35
32
29
22
32
31
22
29
27
31
26
34
29
19
32
33
30
31
30
29
36
36
32
28
27
27
26
27
25
34
35
28
26
32
32
37
29
25
25
24
31
24
33
29
30
32
25
23
27
24
30
30
32
29
37
30
32
24
33
26
31
42
34
26
30
27
24
29
33
26
29
30
21
27
29
27
30
33
42
27
28
33
27
30
34
31
33
29
33
30
32
27
26
27
29
29
20
30
29
22
30
26
32
26
33
25
28
29
22
25
29
34
36
37
27
28
26
38
30
24
29
34
29
28
25
32
28
29
33
36
33
28
31
27
33
28
25
26
35
25
27
23
22
26
35
29
26
27
23
33
22
29
32
29
29
29
23
27
36
25
20
27
27
29
33
32
23
30
38
24
29
34
23
35
30
21
40
34
35
26
32
25
34
31
38
29
38
28
29
31
29
28
26
34
25
25
28
30
34
30
31
37
22
34
32
33
36
21
28
28
26
25
32
31
31
28
23
19
29
27
27
29
26
