30
13
9
8
15
14
13
13
14
11
8
13
19
9
15
11
9
15
8
16
16
16
13
17
9
11
14
17
18
16
12
14
10
12
12
19
9
15
17
7
12
15
11
14
11
12
13
10
13
9
14
13
14
13
11
11
12
12
20
11
14
11
14
10
12
14
13
10
12
11
17
13
14
13
9
12
14
12
16
10
8
16
12
10
20
15
10
12
11
18
14
10
15
16
18
11
10
8
9
17
9
11
14
19
10
16
10
15
10
12
13
12
11
21
13
12
15
13
9
15
13
9
13
13
17
19
11
13
12
15
20
23
19
14
14
11
20
12
13
14
14
13
12
10
12
13
10
18
19
11
13
11
11
17
19
9
14
17
15
13
14
11
12
14
13
10
13
18
13
15
12
12
13
14
12
20
6
18
9
13
14
14
13
13
11
16
16
13
12
23
16
13
17
15
9
14
10
10
14
9
14
16
11
15
16
22
18
14
37
9
16
11
18
10
13
10
17
9
9
20
9
23
12
13
15
17
14
12
15
22
14
9
13
22
13
14
9
12
11
18
13
15
15
11
12
9
12
12
18
11
13
14
11
9
18
8
13
11
12
9
15
14
15
17
18
10
9
14
15
11
13
19
12
17
13
11
16
16
11
14
13
18
12
14
21
15
11
12
12
9
9
16
17
14
15
15
13
16
19
14
11
12
14
18
19
12
12
15
8
12
12
15
20
13
10
22
15
12
24
11
11
25
19
12
23
12
20
18
12
11
21
17
7
17
8
14
13
12
11
15
11
11
11
13
11
18
25
13
10
16
17
13
24
14
14
8
30
14
12
23
9
11
22
11
15
22
15
13
21
11
11
11
12
17
11
9
11
16
13
12
14
14
13
12
18
15
19
14
11
16
15
20
11
13
12
22
16
21
11
15
20
13
12
15
13
14
26
12
15
19
15
14
15
11
18
27
10
15
17
17
12
18
15
14
11
12
12
21
12
11
17
14
12
11
11
12
15
15
19
15
15
15
12
11
13
13
16
14
12
13
25
14
13
22
11
11
22
7
17
18
13
14
17
14
16
19
13
13
19
14
13
16
19
16
18
12
15
24
10
15
18
12
17
13
14
15
17
19
14
19
15
16
13
14
14
13
17
22
11
9
14
13
8
15
21
16
18
14
10
19
17
13
18
10
11
12
13
14
10
15
11
15
11
13
13
13
14
10
16
15
12
14
12
18
14
22
16
24
17
10
18
16
13
13
18
10
14
18
21
11
16
12
16
22
13
19
18
19
10
8
11
11
16
12
12
21
8
8
15
13
12
11
12
18
15
13
13
12
14
8
15
11
15
11
16
12
19
12
11
12
15
15
16
17
10
12
8
16
9
13
21
9
11
16
11
12
17
17
9
12
9
15
14
17
8
13
13
14
14
14
13
15
13
10
18
13
16
20
9
8
17
13
11
16
15
14
15
18
16
16
11
16
9
11
16
13
13
23
13
10
22
10
18
19
12
13
15
12
17
13
13
10
15
15
11
14
9
10
14
11
17
15
17
10
20
15
12
16
13
11
18
16
14
15
20
18
14
10
17
17
13
19
14
16
20
12
10
22
13
15
23
15
12
16
18
15
16
13
12
21
