20
11
10
12
10
9
10
12
12
9
8
8
10
12
10
10
11
10
18
9
11
13
11
8
11
11
6
16
10
9
16
13
14
9
12
15
8
11
16
15
10
16
8
10
16
5
14
16
10
11
9
13
9
12
10
13
9
11
20
15
10
15
11
12
15
6
9
11
9
11
11
10
16
12
10
6
11
14
15
17
13
11
20
7
13
8
7
18
9
12
11
9
12
19
9
10
15
10
13
12
13
12
21
10
7
9
10
12
17
12
17
11
10
20
16
7
14
10
14
10
12
9
9
11
12
19
6
10
12
9
10
13
11
8
11
8
7
13
12
15
9
15
17
9
13
13
7
12
11
8
13
15
10
13
19
11
10
17
10
12
9
10
10
14
8
7
9
10
13
8
10
14
9
10
13
15
9
18
12
12
10
10
9
14
7
9
7
9
10
13
11
9
15
10
12
11
12
10
12
10
8
20
8
14
6
12
15
16
14
13
13
12
12
11
12
16
6
11
14
11
8
13
9
19
11
11
10
8
9
13
10
12
10
6
7
24
9
12
9
10
13
13
13
8
13
12
15
10
8
12
9
12
16
10
9
16
9
9
16
12
8
13
10
10
11
11
12
18
9
12
11
9
12
11
13
16
11
12
13
10
8
20
13
11
15
9
14
22
12
12
16
12
12
14
14
14
14
13
15
17
16
14
19
10
11
12
13
15
16
12
14
12
13
11
11
10
12
12
10
11
12
13
14
16
12
14
17
17
9
21
20
16
10
15
10
12
7
14
13
11
16
16
14
16
11
10
17
13
9
21
11
12
26
11
9
22
10
11
23
12
17
16
12
11
14
11
11
15
10
14
12
11
15
14
15
9
20
13
13
17
15
9
13
13
8
17
13
15
8
15
10
14
15
13
16
12
14
11
11
16
16
15
13
14
9
10
11
15
18
12
16
26
9
8
20
12
9
24
11
11
15
16
11
16
8
12
12
11
9
14
12
9
14
14
11
16
16
17
21
15
12
11
23
14
17
10
10
9
11
11
17
10
24
13
16
12
9
15
18
16
15
20
14
15
23
12
15
19
18
11
21
9
7
18
7
12
17
10
13
16
12
13
20
14
7
18
14
10
17
11
12
16
9
8
17
15
13
17
15
12
15
16
18
16
16
21
16
14
25
13
12
23
10
11
10
12
13
13
10
15
17
13
14
18
19
11
14
11
8
14
11
14
13
20
15
16
16
9
14
12
10
11
14
5
22
10
12
12
9
26
7
8
16
12
11
23
13
9
23
12
13
20
11
11
19
7
12
14
8
15
16
9
11
15
11
12
16
16
12
14
12
10
20
10
10
14
9
13
21
13
17
20
12
13
12
13
15
8
16
17
13
8
20
10
8
15
11
21
18
6
10
20
11
11
18
9
15
13
18
19
15
10
10
9
10
9
17
10
13
15
8
10
13
12
12
14
16
14
13
9
13
13
16
22
10
12
18
13
12
18
9
8
18
9
10
13
11
11
14
15
8
21
10
16
18
13
12
14
17
9
11
10
13
11
12
16
21
7
16
20
15
11
17
9
15
13
12
16
16
14
14
11
9
20
12
11
26
13
14
22
11
14
8
18
9
14
18
15
17
11
15
15
10
5
17
9
13
16
10
12
11
11
9
26
14
10
16
10
12
17
11
14
12
14
11
12
11
16
5
13
18
10
18
22
8
14
17
9
9
18
12
12
13
12
15
14
12
20
17
14
10
14
10
10
16
18
9
13
11
17
20
13
14
19
9
19
13
16
