24
13
26
23
24
22
21
20
19
16
17
18
14
19
14
19
20
19
21
17
14
20
17
15
16
21
16
19
15
26
19
17
16
21
24
22
14
20
15
22
15
15
15
24
17
20
19
19
18
21
21
15
18
16
23
18
21
20
19
18
19
20
20
19
25
21
22
18
17
23
15
14
21
20
22
23
18
16
17
14
18
21
20
18
16
21
16
17
19
20
16
17
17
21
16
21
23
22
18
22
14
18
23
14
20
15
21
24
22
16
22
11
16
28
15
18
21
22
18
20
23
24
21
19
17
24
16
15
18
23
18
19
15
17
16
20
17
16
22
18
18
15
16
20
15
23
19
22
26
20
17
25
14
13
14
18
17
18
20
19
23
17
19
19
19
18
17
13
16
22
18
14
12
23
20
17
20
18
18
19
18
19
12
18
18
21
18
21
21
22
18
18
21
20
21
19
25
21
22
22
17
17
18
28
27
24
19
18
22
18
16
18
22
20
17
15
17
22
21
19
17
23
23
22
14
19
14
17
20
25
21
22
24
18
26
18
23
24
16
19
18
19
25
24
18
23
28
19
25
16
17
24
22
25
23
16
18
22
18
20
15
23
14
23
19
17
19
21
19
16
15
19
20
18
17
18
18
15
18
15
17
18
13
22
21
18
13
24
19
22
21
19
24
22
18
22
20
17
26
13
17
25
16
17
25
19
23
21
13
18
17
16
23
18
22
17
15
15
19
19
21
29
16
16
17
19
15
18
15
16
14
21
18
16
17
20
21
18
19
17
22
20
23
18
20
17
22
18
22
15
16
20
16
26
18
25
16
18
19
19
22
19
22
21
18
25
22
23
19
19
16
15
18
19
23
17
20
15
29
20
28
13
18
20
22
20
21
15
17
24
21
20
25
17
19
17
16
14
19
18
19
11
21
20
18
25
19
15
17
20
24
18
17
10
19
17
15
21
18
17
16
23
18
19
19
18
18
25
24
15
25
19
14
20
16
21
20
21
23
20
16
19
20
18
28
18
15
26
21
17
18
20
22
23
19
24
15
17
17
19
20
20
17
24
26
22
22
25
21
16
17
18
22
12
23
14
20
30
15
23
30
24
21
21
23
20
21
14
18
21
23
25
24
17
29
20
17
19
20
21
22
19
20
19
23
19
19
22
19
18
15
12
25
22
23
19
19
16
15
