17
18
9
14
19
9
13
13
10
22
17
9
17
17
16
18
10
6
15
9
15
21
12
15
20
21
11
22
11
12
24
13
10
20
10
14
22
13
10
13
9
10
17
7
7
16
13
12
15
10
5
18
9
14
18
11
13
12
15
16
9
12
11
11
10
26
15
15
5
9
9
25
11
7
21
10
8
9
12
21
22
12
14
18
10
14
22
16
12
16
11
19
21
13
12
14
14
13
11
14
7
15
11
9
10
12
18
15
12
18
15
13
19
11
10
25
12
14
16
9
11
19
13
8
23
11
13
22
8
10
13
8
14
24
14
9
18
21
9
14
13
10
17
8
14
19
9
9
15
13
12
17
11
9
18
15
10
9
12
10
10
13
16
20
13
19
13
9
27
13
11
20
14
9
26
15
9
23
12
13
18
13
13
21
11
16
22
7
15
19
11
8
19
14
14
19
17
9
20
10
9
15
15
6
18
11
12
10
11
8
15
17
7
11
16
12
17
9
13
7
10
11
12
9
10
12
12
24
14
13
21
11
11
21
10
11
24
14
9
18
11
12
21
11
11
19
11
12
19
9
13
10
13
14
15
7
5
13
7
11
14
7
10
18
10
13
16
6
10
14
18
18
13
9
17
10
9
23
12
13
28
11
11
22
14
17
28
11
7
13
12
13
13
13
11
12
15
15
15
8
11
13
13
9
13
14
9
14
6
10
18
16
19
15
13
12
13
15
12
23
12
8
13
10
11
14
13
21
16
13
27
17
13
30
11
17
24
13
13
25
15
10
21
11
9
16
11
11
20
9
9
19
12
16
17
11
12
20
6
12
16
7
11
14
12
12
15
11
8
12
17
18
16
12
12
10
7
13
25
13
22
9
14
17
16
9
25
9
8
13
14
17
26
8
16
19
11
13
21
13
15
15
7
16
16
9
12
15
9
15
13
10
12
14
8
9
13
12
9
8
12
13
16
9
14
19
10
10
16
12
15
14
12
15
5
10
20
9
11
15
14
12
22
12
10
8
11
6
19
9
12
19
14
13
22
12
10
15
10
8
14
13
12
18
15
10
18
12
15
13
10
9
17
10
14
13
10
10
21
7
10
19
15
12
14
12
19
19
11
17
10
10
21
12
10
18
9
7
13
8
10
16
11
10
18
13
16
19
7
10
15
10
15
17
17
12
16
14
10
14
8
12
15
16
9
13
12
11
16
15
12
10
8
10
17
5
14
11
15
18
12
14
21
9
11
15
16
8
17
8
12
18
7
9
25
9
11
26
9
14
13
14
13
7
11
4
24
6
14
17
8
12
15
12
11
13
13
10
9
11
11
10
11
9
7
14
30
20
11
13
20
8
18
13
10
22
17
9
14
11
11
23
14
13
29
6
9
19
10
8
20
15
8
24
14
9
21
11
14
21
9
11
15
12
7
12
9
11
15
10
8
17
11
14
17
15
11
18
13
8
16
10
16
13
16
15
8
11
15
8
14
24
12
12
26
15
12
21
14
13
19
13
13
24
12
14
20
12
10
17
13
9
20
18
16
23
11
16
23
9
12
14
10
13
21
11
14
12
15
16
11
11
13
15
15
15
9
12
22
10
13
14
12
11
16
17
9
14
10
12
20
16
14
17
11
16
24
12
9
13
13
11
13
8
8
16
10
9
12
12
13
12
6
8
6
13
14
16
7
