44
39
31
36
47
30
49
35
44
38
30
33
35
28
36
35
43
43
42
32
47
43
45
33
33
34
42
45
39
38
33
30
38
51
41
50
54
45
42
39
46
39
40
30
37
41
38
40
34
37
38
41
48
41
37
41
39
34
48
37
45
46
45
33
40
50
42
36
44
38
32
39
43
45
45
37
46
37
50
43
33
32
40
49
38
40
45
35
45
38
41
40
35
39
37
40
45
45
44
36
48
41
36
34
41
41
46
44
42
41
43
38
52
34
36
48
51
33
37
41
40
41
34
49
39
35
38
49
45
46
46
42
49
52
31
40
46
33
32
38
38
41
34
37
33
50
37
40
44
42
41
33
35
33
43
24
44
38
43
50
30
43
32
40
39
36
40
39
39
44
43
46
44
38
28
34
39
44
39
35
40
43
39
36
47
45
44
39
40
43
47
34
33
33
53
39
29
39
40
41
31
26
46
39
34
48
47
36
37
50
39
39
43
35
35
48
25
36
44
43
58
42
35
44
38
34
38
36
41
37
42
33
34
38
49
35
53
38
35
39
44
36
36
54
41
42
44
28
47
42
45
