45
43
54
59
44
50
51
50
60
48
63
47
51
50
59
57
62
47
49
54
52
43
57
55
50
61
48
48
66
65
53
53
64
49
55
54
50
55
51
58
50
55
62
52
42
42
47
56
61
56
51
38
64
53
67
65
46
44
56
55
57
60
63
71
69
61
53
61
49
56
55
52
61
60
63
59
50
51
54
58
58
56
55
50
64
48
53
48
65
48
55
73
68
71
59
50
55
48
67
53
69
59
48
56
54
51
49
57
45
64
58
42
58
50
58
53
60
56
64
58
61
56
65
55
55
49
62
40
54
63
57
56
66
62
62
76
57
51
40
52
59
61
51
65
66
47
76
52
41
59
59
60
60
47
66
56
59
43
42
58
52
53
65
43
46
61
53
62
54
61
47
58
57
72
46
59
68
65
49
67
