25
19
19
15
23
26
22
16
20
22
19
20
30
18
14
28
32
22
30
25
31
24
19
25
16
26
30
27
24
27
24
26
20
21
25
29
23
13
23
23
42
24
26
22
24
18
25
21
18
23
22
26
24
19
19
20
24
19
28
24
21
21
22
33
30
23
29
24
24
30
28
19
20
30
20
21
27
30
24
21
16
18
21
25
27
29
18
21
26
21
24
29
32
37
24
25
22
26
21
19
28
23
17
28
25
26
30
16
22
22
19
28
28
16
23
26
27
25
28
28
28
14
23
33
33
27
27
24
24
27
30
20
25
34
28
19
27
24
22
21
24
29
18
24
25
26
33
25
17
28
30
20
28
21
24
27
23
31
20
21
21
22
17
26
27
20
25
23
35
22
33
25
24
35
21
28
27
27
25
38
28
24
25
28
27
32
19
20
22
25
28
20
23
28
25
37
19
24
23
29
21
26
32
32
28
29
35
32
28
21
23
22
28
16
32
34
29
21
16
24
30
29
22
23
32
26
27
25
30
25
31
25
29
22
24
21
24
28
20
26
28
21
31
29
29
24
31
20
21
24
27
27
34
23
30
36
34
32
35
15
27
32
23
25
27
30
20
30
27
20
23
34
25
26
31
27
18
22
28
26
23
31
19
27
31
23
26
32
23
35
23
22
28
23
30
26
29
25
22
19
23
35
25
31
26
25
20
24
35
36
23
26
25
24
18
34
27
28
31
31
31
39
29
24
21
29
25
28
26
36
36
24
25
30
23
23
28
18
33
22
28
26
29
37
23
28
20
33
38
29
24
25
34
27
26
17
25
21
38
29
40
23
27
26
34
31
28
26
33
22
34
25
27
23
31
21
24
36
25
27
34
23
29
25
27
30
29
21
19
29
