21
12
11
23
13
16
14
11
11
12
18
15
18
15
14
17
16
13
15
15
17
16
23
11
11
15
11
17
13
17
8
12
14
15
12
17
12
17
14
9
9
10
11
13
13
11
6
14
8
12
9
11
15
8
8
15
10
12
12
10
11
16
6
10
19
10
14
16
16
12
14
10
16
12
10
15
12
11
11
19
14
16
18
9
12
16
10
14
11
12
16
11
13
18
14
10
15
18
11
15
8
13
12
16
9
20
11
10
14
14
9
14
12
12
16
19
9
16
12
19
12
13
10
17
16
12
12
6
8
18
14
10
14
14
15
12
8
10
18
16
17
11
15
14
11
13
19
9
10
11
11
14
13
18
11
16
16
13
18
9
15
19
6
11
19
13
16
12
9
8
12
11
11
16
7
8
20
14
10
13
15
11
12
11
15
11
16
22
13
12
11
18
14
23
10
11
17
14
9
11
12
11
19
18
8
18
12
12
13
15
11
14
8
11
11
17
14
17
15
16
17
16
13
20
10
15
14
14
12
14
12
11
11
17
15
15
21
21
16
15
19
15
15
12
11
13
18
19
17
17
11
10
15
12
21
16
20
13
19
16
11
15
9
14
6
16
8
13
18
9
12
18
15
16
15
22
16
17
16
18
10
21
10
17
17
11
13
20
10
18
13
13
11
14
15
15
11
12
12
21
16
17
20
14
13
17
11
11
11
12
13
10
21
14
17
14
12
16
16
12
16
12
18
10
9
22
19
13
26
12
14
21
11
13
17
13
11
23
11
12
15
18
8
19
8
15
16
11
15
15
12
12
18
16
16
15
10
15
11
10
13
16
13
21
17
13
20
10
13
19
16
16
24
16
16
24
11
12
28
17
14
22
11
14
11
14
12
24
7
11
20
16
12
12
12
8
23
19
11
12
14
15
18
12
18
14
15
12
16
13
21
14
18
17
17
12
11
13
12
21
10
12
19
11
13
23
14
12
21
12
15
23
9
15
16
11
11
17
12
13
19
11
8
15
14
7
16
14
12
22
18
11
15
19
10
16
13
17
13
17
22
14
11
17
9
14
22
15
10
18
16
15
20
9
7
18
15
12
15
15
13
23
12
13
14
12
19
20
12
13
16
13
8
15
15
14
12
14
10
16
17
16
20
12
15
24
10
26
13
7
14
11
12
18
12
15
23
14
16
25
20
17
14
22
9
11
14
14
15
10
15
18
17
17
19
12
13
18
12
12
17
13
14
18
16
17
13
12
11
13
10
10
15
13
15
16
12
13
19
18
16
17
13
11
14
18
10
11
16
13
11
11
12
16
14
12
20
13
11
20
16
15
12
16
12
11
18
7
8
17
14
14
16
14
15
22
11
12
11
15
12
12
17
18
13
18
16
13
14
18
16
12
16
10
12
19
15
17
17
15
11
27
17
19
17
10
11
21
13
12
19
8
17
17
12
16
23
15
14
13
12
13
16
14
12
16
10
12
13
12
12
18
14
7
23
7
17
16
13
24
16
17
17
15
14
18
12
15
19
25
10
19
15
13
15
15
13
16
15
13
12
16
15
12
16
13
10
14
13
23
13
19
15
10
15
15
12
13
13
14
22
