20
14
12
11
16
24
12
11
18
23
15
21
23
18
18
23
15
21
20
11
20
23
24
19
23
21
16
17
37
10
21
22
19
17
21
26
14
27
19
13
17
18
14
24
19
25
26
24
25
32
16
23
15
20
25
10
23
23
23
20
19
23
15
15
14
13
20
26
12
14
15
20
13
16
11
24
26
21
16
18
23
13
18
25
18
18
20
20
14
21
15
22
19
20
20
24
25
24
24
23
14
17
25
12
25
19
24
17
18
23
19
18
17
26
34
21
22
21
28
18
21
25
29
22
24
25
31
22
19
19
22
17
14
15
19
22
21
30
24
28
25
16
26
13
26
25
11
24
25
16
21
18
23
12
20
13
19
24
25
23
15
27
28
26
30
23
22
21
28
16
22
15
20
25
25
31
19
17
23
18
17
17
24
15
24
22
21
18
14
10
20
27
18
16
22
23
21
36
25
22
25
13
22
25
24
22
19
31
17
17
14
22
15
22
21
27
23
18
29
25
19
16
14
23
22
21
19
28
20
16
30
22
31
21
15
19
28
28
17
17
17
23
23
24
24
17
33
19
26
30
23
24
30
29
19
29
20
24
29
19
26
22
23
22
32
24
22
38
33
19
17
21
11
23
20
22
21
16
24
13
17
10
14
28
17
23
22
20
27
26
16
23
26
32
22
23
23
22
30
29
26
17
24
15
22
26
18
28
25
23
23
29
30
25
33
25
20
23
13
22
22
22
35
22
14
12
30
24
24
27
30
17
23
37
27
24
35
26
17
27
26
22
32
31
14
27
41
19
26
23
32
18
20
28
17
15
22
22
21
22
26
31
27
35
28
20
21
23
23
26
27
28
27
28
38
27
24
23
17
28
21
20
23
21
18
19
17
23
25
15
16
28
31
27
19
11
22
17
22
19
17
29
34
25
13
19
32
23
24
19
12
22
23
28
32
19
21
24
39
9
23
22
28
15
22
23
27
23
19
26
22
28
24
15
32
23
25
18
17
16
23
21
28
24
28
25
24
25
15
20
20
21
15
21
24
24
23
26
