28
27
21
43
30
27
19
28
28
35
36
35
38
31
32
40
25
33
27
37
30
36
35
36
31
33
34
37
36
32
34
29
31
33
30
33
45
22
34
31
34
33
22
38
40
32
28
34
38
36
37
37
27
22
42
43
32
34
28
29
36
35
28
42
36
37
44
38
32
34
29
37
32
26
34
37
38
38
28
47
36
29
43
38
31
45
33
20
36
24
42
37
40
45
28
30
33
48
26
30
39
31
43
49
37
39
41
36
34
39
45
32
44
31
35
42
37
51
42
24
35
32
40
29
37
23
29
33
32
35
26
29
31
42
32
35
36
28
27
32
41
42
43
35
39
36
27
29
46
29
34
31
41
49
35
26
54
31
28
38
42
20
33
36
36
39
28
37
37
48
27
28
30
38
46
32
36
36
46
35
43
45
35
34
44
27
37
45
51
45
34
27
40
37
39
35
20
28
38
43
37
37
51
32
38
40
34
41
39
44
48
26
34
38
37
45
37
29
35
38
38
37
33
37
44
45
37
35
28
28
33
47
30
37
25
27
38
34
38
28
33
38
37
28
29
29
32
31
38
34
32
38
28
38
33
28
25
26
42
28
34
39
34
44
33
38
45
35
25
32
38
42
28
28
41
30
39
39
35
34
30
41
48
34
28
34
23
