18
7
14
16
12
24
5
13
27
10
10
32
34
37
20
23
15
23
24
14
22
14
18
25
16
19
31
16
26
23
10
14
17
10
12
16
21
11
15
13
16
21
16
11
24
12
9
17
5
22
16
16
15
20
17
19
16
13
22
12
9
16
11
18
23
10
12
21
14
10
26
6
11
16
12
14
18
13
11
14
8
8
18
14
18
16
8
9
16
14
13
13
13
17
21
13
11
18
10
20
16
10
16
13
13
23
13
11
25
15
13
17
18
18
21
15
10
26
11
22
25
13
11
34
17
18
23
6
10
23
11
10
12
13
8
13
13
16
16
10
11
14
19
14
12
11
10
14
19
12
18
15
13
15
11
15
17
13
27
11
16
24
18
9
17
24
14
27
10
12
19
16
9
29
13
14
27
17
11
18
18
28
17
23
9
22
13
8
10
13
14
13
10
14
11
11
13
23
13
14
17
13
13
14
20
17
13
12
16
10
10
18
13
11
17
12
9
21
16
22
20
9
18
21
11
12
17
9
5
22
11
12
26
13
14
16
15
12
19
11
14
26
16
17
14
11
13
20
9
11
18
10
10
20
15
13
18
20
12
14
12
15
21
16
15
18
11
11
16
12
12
18
10
11
14
11
13
23
14
13
13
14
14
14
8
6
20
13
12
16
8
15
18
10
22
12
20
24
10
11
23
19
12
19
13
15
23
14
8
19
17
6
16
15
13
14
15
11
10
15
10
13
12
11
17
14
13
15
17
14
9
9
11
14
14
13
21
10
9
15
13
11
16
10
16
13
14
18
14
13
20
13
11
20
13
18
24
12
8
15
10
16
24
11
13
25
15
9
24
11
14
21
12
14
20
10
13
19
18
12
19
14
16
20
11
9
21
15
15
21
18
13
20
23
25
20
16
13
13
24
19
23
20
24
18
18
26
24
24
12
20
14
28
17
15
17
16
14
24
21
16
32
14
22
27
15
20
30
22
19
19
12
27
17
13
20
19
15
22
15
17
11
21
12
16
15
16
16
24
18
16
19
22
9
16
7
13
23
16
21
12
16
18
6
15
26
16
22
15
16
17
22
17
13
24
25
15
16
15
21
19
11
20
17
10
17
12
12
15
17
16
22
15
13
10
14
12
14
17
12
9
18
15
14
16
8
12
15
10
13
24
13
10
13
18
9
18
19
21
14
11
22
19
11
23
19
11
15
15
11
20
15
14
15
13
14
23
10
17
17
14
16
17
18
15
17
15
16
17
18
13
11
8
11
23
19
10
20
14
16
17
19
11
23
8
12
18
8
16
27
11
10
18
15
22
18
17
20
14
13
25
11
9
19
14
9
21
11
20
22
11
7
27
27
8
16
11
18
12
9
13
20
11
9
17
15
15
18
12
11
12
17
5
15
11
14
14
12
11
10
10
10
19
12
19
12
10
12
10
10
16
15
14
19
14
11
24
7
15
22
11
12
23
