32
22
32
41
29
35
37
34
39
42
33
37
49
40
31
20
34
38
53
39
35
55
38
42
53
49
32
38
35
32
42
32
32
47
31
37
40
40
31
42
31
40
37
35
37
38
38
45
39
25
40
34
41
35
39
43
42
38
39
29
38
36
32
38
43
44
48
53
40
35
59
58
36
41
36
51
36
58
23
41
46
65
33
52
39
46
46
41
45
38
44
39
43
38
50
36
42
35
46
43
44
38
35
50
41
35
42
36
46
58
38
40
51
57
46
41
39
39
85
40
50
119
76
40
32
50
40
45
41
76
35
37
40
33
23
28
47
35
45
37
41
27
59
29
41
49
58
42
31
34
44
46
56
44
33
31
41
48
50
32
43
33
49
48
43
112
91
77
57
31
35
37
44
38
42
30
26
36
45
38
38
35
52
43
46
33
37
42
40
32
34
31
39
39
43
32
45
38
34
39
34
32
34
40
48
43
41
39
39
35
35
33
40
34
31
33
45
51
45
47
33
36
38
46
34
40
35
27
29
32
29
43
36
46
35
46
36
36
36
38
38
43
50
32
