27
13
15
56
14
14
140
8
11
12
93
18
18
10
7
83
10
16
12
10
14
12
12
12
12
15
14
11
91
9
160
60
169
43
72
9
11
104
51
9
26
147
36
59
15
11
16
10
11
15
12
58
163
11
10
14
123
53
89
162
13
61
132
110
3
39
46
108
61
12
15
199
17
48
11
67
287
255
125
195
14
11
10
46
70
10
14
10
47
15
10
16
47
18
11
12
7
34
15
11
12
20
45
14
124
138
116
8
134
160
82
218
138
64
253
106
12
15
55
13
98
16
59
65
19
112
8
70
37
47
111
115
13
10
11
72
7
11
8
159
56
46
90
148
70
56
16
12
37
11
145
280
176
186
96
208
129
12
13
9
9
13
6
84
20
11
66
13
5
9
12
38
13
20
6
11
16
9
12
10
10
13
10
9
18
203
197
