21
23
20
20
20
24
17
27
27
16
19
16
26
24
30
23
15
20
23
23
19
28
11
23
22
23
21
26
22
30
18
19
19
22
20
24
24
20
21
19
23
25
16
18
18
18
25
25
23
17
18
14
14
20
15
21
27
22
28
21
17
21
25
19
31
19
24
33
18
27
27
22
23
25
11
22
28
20
25
21
23
23
23
24
25
23
25
26
24
34
16
22
26
22
17
19
15
26
20
29
29
22
26
20
25
32
23
24
28
17
27
21
21
23
30
27
18
23
18
23
26
22
21
21
21
20
20
24
22
24
20
29
23
21
26
20
23
26
28
20
31
30
28
33
17
26
25
22
30
28
23
33
28
18
21
26
29
21
20
23
22
31
27
20
24
22
30
31
21
21
33
26
32
20
22
32
25
28
21
25
21
21
33
21
32
27
21
19
18
23
24
19
29
30
21
22
28
27
17
25
27
27
24
28
25
27
22
17
29
20
27
26
24
26
27
19
23
27
19
29
17
17
22
27
23
25
24
25
22
26
23
24
27
22
27
28
15
24
24
22
23
32
15
24
21
19
31
22
28
27
27
26
29
22
17
19
18
28
24
26
22
25
25
27
25
19
22
32
15
23
29
25
23
24
26
22
24
19
29
25
21
27
17
26
28
20
19
23
16
26
35
20
23
24
28
28
29
26
18
22
16
23
26
30
20
26
20
23
26
20
22
34
26
29
19
25
19
30
20
21
28
19
20
26
27
22
20
16
20
21
29
26
26
21
21
19
23
19
22
22
21
20
19
17
28
25
28
28
25
20
20
24
28
27
24
19
28
26
26
32
29
28
24
25
32
19
17
27
21
20
19
24
24
35
18
30
17
27
32
18
24
25
25
26
26
22
15
21
14
34
18
23
22
27
27
29
27
24
20
27
22
23
30
22
28
24
23
29
22
19
27
22
20
23
20
23
31
20
25
30
22
21
27
21
23
27
