28
17
26
18
28
23
20
22
23
24
25
17
21
18
22
16
14
18
18
15
17
13
16
25
15
17
23
14
15
18
13
28
21
18
23
24
23
14
19
24
15
17
13
15
25
20
20
17
23
17
17
27
21
21
17
15
21
22
16
25
22
19
21
25
23
21
22
23
34
16
27
21
32
20
14
21
20
36
23
15
29
26
27
33
18
19
27
26
25
21
19
23
14
19
16
26
19
26
22
18
17
13
29
17
16
17
24
14
13
19
25
22
11
21
18
20
20
13
14
16
16
13
21
12
22
19
17
19
21
19
15
16
16
14
16
15
12
18
17
11
17
16
16
14
11
18
13
15
18
19
15
19
18
14
20
14
17
16
18
13
18
15
16
14
18
27
18
9
12
18
14
17
14
17
14
17
22
24
10
15
19
18
14
20
15
18
22
19
15
15
10
7
22
13
18
21
22
21
19
15
13
23
29
25
19
23
14
20
16
21
18
17
21
12
17
11
18
15
20
20
19
30
16
16
18
22
24
16
19
16
16
16
24
23
19
31
30
18
25
32
23
9
21
17
24
18
13
19
33
28
21
10
29
41
18
20
25
17
19
14
15
10
12
26
20
21
20
13
24
31
16
11
22
13
19
14
12
29
11
12
20
17
22
16
13
18
22
18
21
17
22
28
19
23
30
20
17
27
20
24
30
16
13
16
15
25
19
8
14
21
9
15
16
19
19
15
14
16
28
27
27
19
13
15
19
19
14
16
16
19
18
13
17
17
12
25
36
17
40
15
23
24
10
12
26
22
20
24
21
20
20
14
17
41
16
17
16
25
15
17
13
19
18
18
13
18
16
26
24
14
15
25
16
19
24
16
23
18
20
28
14
23
18
14
13
19
16
13
24
15
10
22
21
12
19
9
20
20
11
10
21
14
18
15
24
16
14
14
20
14
15
15
18
14
21
18
14
12
20
15
17
8
23
25
11
24
19
16
21
14
15
9
19
18
16
16
14
11
22
16
14
16
19
13
13
13
22
21
19
16
16
9
19
22
31
20
26
13
11
24
18
12
15
20
19
18
19
21
18
14
20
14
13
16
17
10
24
14
18
19
11
19
16
17
12
18
19
29
18
12
14
14
12
20
15
12
13
21
21
12
18
16
13
18
13
20
18
22
13
21
13
21
17
17
21
15
13
17
22
11
23
16
19
20
23
20
20
15
14
16
9
11
12
13
16
25
14
9
14
8
12
17
15
11
18
