25
22
25
22
19
26
25
25
17
23
24
17
22
20
24
18
19
19
26
17
26
17
20
19
27
21
18
20
21
21
26
24
19
21
22
24
22
24
20
22
20
20
25
17
21
19
21
26
16
27
19
24
22
25
19
20
22
17
21
17
24
19
14
19
17
24
22
20
27
15
24
20
19
24
14
26
25
17
31
25
17
23
17
19
26
17
21
19
21
19
21
16
12
24
24
25
20
23
20
23
20
20
23
29
25
23
23
22
20
28
19
19
23
24
19
23
24
20
18
21
13
18
23
17
15
25
14
24
18
18
23
21
19
15
14
21
16
20
19
16
16
20
25
13
20
25
18
21
20
18
21
24
17
22
16
18
23
22
21
21
18
12
22
20
25
21
22
22
22
24
16
25
19
18
18
29
21
23
20
16
19
12
22
21
16
19
23
23
18
25
23
23
19
22
21
15
25
17
23
25
16
21
17
22
21
19
19
15
21
23
21
21
19
20
20
21
24
21
26
26
24
13
15
23
16
18
20
21
20
15
26
21
23
15
26
16
23
18
15
19
20
16
21
28
20
17
20
20
24
24
21
20
21
16
23
20
26
16
16
14
25
22
19
22
26
25
20
24
21
21
14
20
20
17
14
16
19
18
16
21
17
21
26
23
23
19
21
16
30
18
22
18
20
15
21
20
23
19
24
21
20
28
28
20
25
16
34
27
22
24
21
24
26
22
13
23
17
24
25
29
16
21
21
23
25
17
24
21
22
15
19
26
14
30
19
29
22
22
32
19
15
21
18
21
21
24
24
23
24
22
22
23
21
17
27
23
26
27
22
22
23
16
19
23
14
18
25
27
16
27
22
13
24
19
27
18
23
19
19
23
21
20
22
22
17
20
22
21
23
21
20
23
27
21
26
29
20
27
20
19
27
22
21
25
16
13
14
18
18
30
23
31
22
19
22
20
19
17
27
29
21
18
21
23
16
25
23
17
18
21
27
20
19
27
25
23
17
16
21
21
28
21
21
17
24
22
20
27
24
17
27
18
19
25
21
19
25
17
26
22
24
19
21
25
20
24
14
24
27
25
27
25
26
22
18
