50
45
52
41
47
53
43
48
50
36
47
41
51
45
55
43
47
53
39
48
46
48
49
40
44
59
55
40
51
49
44
57
38
53
51
49
38
49
48
55
50
50
58
46
49
40
53
50
47
50
50
41
49
43
40
38
52
54
41
55
51
46
42
45
41
60
48
47
54
44
41
56
48
57
54
56
50
48
59
56
56
47
45
52
42
41
48
45
54
53
49
44
57
50
46
61
47
39
55
38
50
45
54
42
51
51
54
50
56
44
46
52
47
40
49
60
47
50
69
51
36
37
38
58
47
38
50
49
46
50
49
50
64
50
52
44
58
53
45
53
62
41
56
56
46
52
55
57
48
48
46
51
35
48
49
44
50
52
43
47
49
46
49
41
46
54
61
54
42
49
42
43
36
52
50
54
50
38
58
52
45
51
47
42
69
43
41
47
49
44
52
47
43
51
46
48
57
44
51
57
40
59
37
49
45
54
