35
13
17
15
19
15
9
15
15
14
18
14
9
16
17
15
14
18
19
15
17
13
17
8
18
22
10
20
16
15
14
15
17
15
10
11
18
12
10
22
13
4
20
11
12
17
10
14
18
17
11
12
10
11
8
15
17
10
9
12
10
10
12
14
15
18
16
17
19
14
12
10
10
16
13
11
22
22
17
19
19
14
18
17
18
30
15
8
15
17
20
19
14
15
18
18
15
18
8
12
14
9
13
12
14
12
14
13
18
12
13
18
14
11
19
14
20
15
14
16
10
18
16
24
15
14
19
19
19
18
13
12
11
15
19
19
14
12
14
17
20
14
11
17
7
7
19
16
12
13
11
16
11
10
11
18
16
15
15
14
8
17
14
12
21
8
19
14
13
24
17
10
22
11
17
30
12
11
17
11
13
14
10
11
17
15
12
20
12
10
15
14
9
15
11
8
14
15
6
17
10
11
16
10
15
12
17
12
19
10
19
11
15
16
13
14
15
14
6
13
10
14
11
14
14
17
11
10
20
12
17
13
12
12
14
8
10
18
15
11
13
16
22
15
10
14
16
15
12
16
13
14
18
13
18
15
8
19
9
7
15
11
8
19
13
18
14
14
12
17
14
13
15
16
13
14
10
9
11
12
22
21
13
6
14
14
15
15
18
14
20
10
11
13
11
15
16
13
21
14
17
15
13
10
24
16
14
23
15
14
21
20
12
18
15
11
12
21
11
14
12
21
18
10
15
15
16
9
16
9
12
17
11
14
18
15
7
14
8
8
14
18
11
13
16
21
10
14
26
18
11
29
14
12
16
12
13
21
10
16
22
12
11
23
10
15
24
17
16
19
17
15
18
15
17
31
12
10
15
12
19
20
15
16
19
13
17
11
16
22
12
13
21
11
17
20
14
22
16
14
11
16
10
7
11
15
12
14
12
21
14
14
11
17
14
16
10
15
12
18
21
11
13
17
8
16
10
16
10
9
14
12
8
21
17
11
15
9
17
22
12
10
22
12
13
19
11
13
16
18
9
20
10
9
16
22
10
11
14
8
17
16
15
15
10
12
15
10
17
11
12
19
16
12
15
11
11
27
15
11
27
12
10
24
13
13
22
15
16
22
17
15
19
9
13
18
24
12
16
8
14
14
17
8
14
15
11
21
16
17
9
13
10
15
18
9
17
8
19
11
10
25
9
12
10
13
11
20
12
7
19
16
15
20
10
12
8
10
13
15
13
14
22
6
5
20
13
13
12
18
14
17
13
11
20
15
11
15
9
14
13
11
14
20
14
16
13
16
24
13
12
21
12
8
17
7
7
22
18
12
13
14
18
16
10
10
17
16
10
13
12
25
21
18
15
14
12
10
15
8
10
22
17
8
18
12
16
13
9
9
12
14
18
14
13
11
12
18
25
10
19
23
12
11
18
11
18
19
8
9
22
11
14
19
16
16
22
15
7
21
11
14
20
12
11
14
20
15
15
15
12
12
13
19
16
17
15
11
14
15
18
12
21
21
11
21
11
8
27
16
17
28
11
10
26
9
15
16
14
16
17
16
15
20
18
8
