21
14
17
17
11
20
21
11
17
15
16
12
18
17
13
17
13
15
14
11
19
16
17
19
17
19
18
17
18
16
20
16
15
16
19
22
13
12
22
18
9
22
9
18
17
15
14
26
17
10
14
21
14
36
20
17
40
23
18
15
17
17
30
15
13
17
13
11
13
14
10
12
12
12
15
17
16
16
14
20
15
13
16
18
14
21
14
21
27
8
15
31
18
22
21
17
13
21
14
15
17
36
16
23
34
18
14
14
15
12
13
15
21
18
17
17
16
18
15
14
17
21
17
15
17
13
14
18
15
15
12
21
22
19
22
22
19
12
15
17
20
16
12
14
11
13
20
20
14
10
18
20
21
17
12
24
17
13
17
22
10
16
12
12
22
13
12
16
16
16
19
20
17
18
17
20
15
17
19
19
16
16
20
20
14
20
15
13
21
24
9
19
16
14
18
18
29
12
14
13
13
22
13
16
14
22
13
16
18
16
11
14
20
16
12
13
18
19
18
16
21
13
16
17
14
20
20
15
13
22
16
14
18
18
15
19
12
20
18
12
16
23
13
15
18
15
14
16
8
13
13
17
10
14
15
9
13
8
17
14
17
20
15
13
14
21
12
16
22
20
21
12
13
17
13
13
20
16
14
18
11
9
15
20
11
19
9
20
12
12
12
12
14
14
24
20
8
15
14
14
14
12
19
20
15
15
22
13
16
18
18
14
19
13
19
21
22
22
19
22
15
16
15
22
20
17
33
17
10
21
14
13
24
22
15
17
17
19
11
15
21
16
13
15
18
10
13
22
21
10
21
21
18
23
14
17
20
15
24
16
14
26
11
16
20
9
15
17
17
16
23
14
13
16
20
7
18
16
10
16
21
13
21
16
17
13
15
15
16
10
20
14
17
15
19
15
14
19
15
21
15
17
20
18
10
16
14
17
20
14
19
21
17
16
20
14
24
17
14
17
11
12
14
13
12
12
13
14
21
16
14
20
15
22
19
24
15
14
18
16
12
15
17
17
18
20
17
14
16
15
14
15
17
12
20
21
15
17
30
19
11
23
15
15
22
12
18
17
16
16
17
14
18
18
16
15
19
13
20
14
12
19
19
14
22
16
13
14
13
10
9
20
12
23
19
14
19
28
20
29
17
14
20
15
17
22
15
21
22
15
15
15
11
14
25
15
14
24
11
12
18
20
18
18
16
9
19
20
22
16
16
17
21
17
12
17
14
17
15
22
20
14
14
33
12
17
24
12
13
24
13
11
17
15
13
19
10
13
16
12
14
9
13
13
9
15
9
18
10
10
16
12
20
15
16
15
10
19
10
20
19
23
15
18
23
14
18
21
14
14
27
23
16
23
15
13
17
15
12
18
13
16
23
13
