23
20
22
32
22
14
22
33
31
18
27
31
34
18
25
27
29
21
25
24
14
41
13
15
21
18
22
36
14
7
30
28
18
26
24
33
42
22
26
29
26
40
34
30
28
27
19
25
31
33
16
18
29
21
35
31
24
40
28
26
38
36
24
28
33
27
18
26
43
26
33
43
17
26
41
16
17
26
21
26
13
27
23
25
22
28
27
24
27
23
34
29
31
25
32
33
26
32
18
16
30
28
29
25
12
32
21
29
22
29
27
27
26
19
40
34
35
17
34
32
32
28
32
16
35
31
31
21
23
32
14
19
20
36
13
40
31
35
29
45
30
35
28
21
35
32
22
30
28
27
28
34
22
30
34
20
25
30
29
31
38
10
19
39
29
18
33
30
32
29
23
15
26
29
35
41
18
23
37
17
18
31
33
28
31
12
21
26
21
33
24
15
24
20
24
38
31
14
38
33
26
25
18
19
13
25
36
35
29
26
32
23
26
24
40
35
33
32
22
32
33
28
32
26
34
55
16
34
23
17
17
38
24
41
33
32
20
35
14
39
30
36
27
21
25
28
49
24
36
26
26
27
14
15
26
24
24
30
17
26
30
16
29
42
31
25
34
21
39
37
38
18
44
31
27
20
39
31
42
29
25
31
46
29
45
32
39
22
25
32
25
32
31
18
30
21
25
36
29
35
28
41
37
42
35
37
29
24
43
38
33
26
24
31
22
30
42
45
31
21
39
37
40
40
25
27
40
30
18
28
21
32
24
31
21
28
23
29
22
36
40
32
22
36
43
27
42
13
32
62
30
34
38
41
