39
25
30
43
31
31
23
30
34
33
32
43
42
36
43
40
26
48
36
44
37
47
31
33
39
47
41
43
33
46
31
42
36
39
33
42
28
34
46
56
47
30
36
48
40
48
60
43
31
50
45
48
37
46
44
50
52
50
55
51
42
35
40
32
44
38
35
41
53
42
43
49
54
66
48
40
64
39
35
44
36
67
79
51
42
46
61
58
55
43
61
34
40
54
58
42
66
49
58
51
17
34
47
60
39
63
43
64
56
47
53
61
40
45
38
54
63
59
43
62
61
28
32
46
71
40
46
43
40
46
68
57
64
31
54
52
47
61
62
47
40
79
45
52
39
59
52
45
66
31
43
33
57
73
68
45
58
53
64
65
73
68
57
45
55
79
47
50
50
73
50
60
58
47
61
71
35
60
51
57
50
66
51
44
58
57
59
67
68
61
52
83
37
37
60
66
37
58
48
56
82
46
68
63
64
75
