21
15
14
13
12
13
13
15
20
10
14
15
14
16
14
9
15
11
16
17
15
10
12
14
12
16
15
16
14
14
15
14
13
16
12
19
12
14
13
15
10
12
12
17
11
16
17
19
11
21
16
7
13
15
18
16
19
15
12
19
10
16
16
13
20
11
17
10
17
11
15
17
17
12
14
12
15
13
15
14
10
20
23
10
12
17
13
14
13
14
17
15
10
16
20
20
12
19
19
14
10
14
10
7
11
12
11
13
16
10
13
11
13
18
12
10
23
14
11
17
14
14
20
14
10
14
12
17
13
16
13
15
17
14
13
16
14
17
15
14
15
9
18
14
12
10
21
12
18
15
16
11
16
9
16
17
14
14
12
11
19
11
12
12
15
13
15
15
10
16
15
15
19
19
14
13
16
11
15
18
14
16
19
9
16
12
14
8
13
15
9
14
18
12
16
10
9
14
16
12
10
18
9
13
13
18
13
15
14
15
15
12
17
10
11
11
9
13
13
11
13
18
14
15
24
13
11
12
15
15
11
17
11
17
9
17
13
12
15
12
15
15
15
14
17
17
9
13
20
14
14
15
12
13
8
11
16
17
19
17
16
12
12
9
9
17
15
16
17
12
14
15
14
21
16
12
14
10
13
10
13
12
14
17
9
19
15
14
13
15
19
12
11
17
13
16
12
17
14
24
9
13
16
13
16
20
19
14
14
9
14
19
11
19
19
11
17
13
15
14
14
17
14
19
13
12
15
14
11
16
12
17
19
14
22
16
13
20
14
12
17
14
14
14
16
18
20
15
17
15
17
16
14
13
18
21
15
25
20
22
18
17
19
15
10
12
19
18
15
10
15
36
31
27
15
18
14
15
13
12
14
20
15
10
18
19
12
17
14
18
16
12
15
14
14
13
17
17
19
18
14
18
23
15
28
17
16
18
19
12
15
19
13
22
12
21
23
14
13
18
15
18
19
16
14
21
18
15
15
18
15
14
14
17
16
13
21
14
16
24
12
12
23
14
13
16
14
13
25
18
19
14
16
23
16
14
14
14
16
12
17
13
20
16
12
16
19
15
12
19
16
18
19
18
24
14
13
22
13
18
19
12
12
18
14
8
16
13
11
18
15
14
15
11
16
14
19
11
18
14
11
16
13
13
15
11
14
14
13
12
13
13
15
10
20
19
13
12
21
17
18
18
17
13
14
21
19
17
12
13
21
17
17
19
18
12
15
13
15
14
13
9
17
12
17
14
12
11
16
13
13
14
18
17
17
13
16
14
15
11
12
19
22
9
19
17
11
10
14
14
12
16
17
18
21
16
14
13
17
15
16
12
11
14
15
13
15
14
14
16
17
14
14
12
23
18
16
21
20
17
30
10
11
17
15
16
20
20
17
20
12
17
20
19
15
19
13
16
18
12
21
19
13
15
19
17
16
15
14
18
15
14
14
16
15
20
13
14
15
15
17
12
15
19
17
18
14
17
16
15
21
10
13
22
19
11
15
14
13
10
15
16
18
17
