23
17
27
13
12
20
13
15
21
7
14
15
11
50
32
18
60
45
22
50
33
29
25
16
28
18
32
38
33
53
36
48
45
31
37
31
43
40
27
15
19
31
43
43
47
51
26
10
38
46
59
32
46
25
52
42
61
41
29
28
46
33
39
47
53
42
44
41
43
21
18
30
36
54
33
50
35
36
45
31
27
28
46
27
43
41
23
30
31
36
23
35
33
35
44
63
40
48
35
35
30
24
32
43
36
46
50
45
51
40
22
29
50
33
23
38
58
28
46
44
44
42
44
54
33
45
43
41
29
52
32
47
32
30
28
42
53
20
52
25
36
46
42
39
64
42
25
44
41
38
33
44
40
34
41
51
38
37
45
53
41
37
53
44
51
53
61
68
27
52
61
56
48
44
25
38
48
31
31
50
30
28
45
35
37
55
45
48
36
41
45
47
18
16
20
38
27
35
59
29
51
41
56
29
19
45
26
24
50
52
40
39
39
51
59
28
27
50
55
42
43
25
33
23
31
31
41
32
26
15
42
60
37
62
76
32
37
50
38
57
34
25
37
37
52
29
29
46
44
22
53
33
16
28
32
41
27
36
46
33
37
62
25
42
48
34
