23
20
22
16
16
18
19
22
22
17
27
23
18
21
18
34
26
23
19
29
31
29
26
31
21
33
22
23
25
23
22
19
22
23
23
25
21
23
22
20
21
24
18
26
19
24
20
17
19
22
17
20
22
25
21
23
23
23
24
27
26
14
21
17
20
28
20
19
22
28
33
23
34
26
15
22
21
23
16
24
19
19
21
27
27
19
24
19
26
29
23
30
19
24
21
25
24
24
21
20
21
19
23
24
18
22
18
21
22
24
14
25
21
19
24
17
22
25
16
27
27
24
19
26
26
25
21
15
21
24
21
20
31
23
21
21
24
25
17
20
24
17
21
25
21
18
24
17
26
14
19
21
22
27
26
16
15
24
23
18
24
18
20
23
14
17
21
18
31
16
16
17
23
23
25
15
22
16
18
23
19
21
17
21
22
22
20
21
17
21
22
16
21
19
17
22
24
28
19
22
22
24
25
31
23
25
21
25
19
22
22
24
22
27
15
25
26
19
18
26
28
19
23
23
20
19
20
21
14
22
19
20
16
22
19
19
18
21
18
19
19
25
19
31
17
19
26
24
21
14
22
22
23
24
25
28
22
24
21
23
23
20
14
16
19
28
18
23
19
19
19
21
19
22
24
20
18
24
22
23
16
19
24
29
20
23
22
21
24
16
18
18
24
19
17
28
22
20
22
22
24
21
20
21
35
35
17
21
21
28
24
28
21
12
26
21
22
17
17
15
21
20
24
24
25
21
27
14
17
24
26
26
20
22
31
24
29
23
22
34
13
12
36
20
25
23
23
19
17
16
14
25
22
15
23
19
20
19
21
24
15
18
30
22
21
29
22
27
16
25
20
25
28
22
17
21
11
27
19
29
18
24
23
24
24
14
25
20
15
22
23
19
26
18
17
22
19
19
25
19
25
23
25
22
24
26
23
25
18
16
24
25
29
26
19
26
20
16
22
22
19
30
16
17
19
20
25
21
23
26
19
25
19
25
18
19
23
14
26
18
25
30
20
15
26
23
19
23
18
16
17
21
21
23
25
24
19
25
23
19
