11
13
12
9
17
9
12
19
7
13
12
10
10
14
9
19
10
15
18
9
9
12
11
14
20
15
9
14
10
9
12
10
9
12
8
10
14
9
7
14
9
10
12
9
10
15
14
9
18
9
14
16
15
13
10
11
9
9
8
13
9
12
13
9
10
20
14
13
11
10
7
17
10
14
14
12
11
19
12
14
7
10
10
7
16
10
16
10
10
14
11
11
12
19
18
20
8
14
10
10
13
12
10
17
15
6
9
11
13
13
9
10
11
11
11
10
13
7
15
9
13
11
15
9
13
13
11
12
13
14
9
14
12
9
13
14
13
9
20
8
9
14
10
6
14
9
7
10
8
10
17
16
20
9
12
11
13
16
10
11
10
8
17
10
10
17
12
15
13
19
10
15
12
14
20
7
9
16
11
16
16
9
15
20
11
14
10
14
22
8
15
15
13
9
16
11
12
11
12
10
8
10
12
21
12
10
17
11
11
17
16
9
17
12
7
11
11
12
18
10
11
15
14
9
17
8
13
15
13
14
14
12
17
11
16
16
12
8
19
13
10
10
7
14
15
12
15
17
11
16
13
9
12
12
14
15
13
12
12
10
10
8
16
12
9
13
17
7
18
10
12
12
9
14
17
17
22
13
16
16
12
8
21
14
13
14
9
12
16
15
9
12
7
6
15
12
9
9
11
11
14
8
19
16
15
18
16
16
12
21
11
16
19
9
17
10
11
22
14
12
24
10
9
18
18
12
15
13
11
14
13
9
10
15
19
15
15
10
11
12
13
11
15
15
13
11
13
13
16
11
15
11
12
20
18
15
15
7
13
16
14
12
15
14
16
10
18
21
18
11
25
9
15
22
16
8
21
12
13
18
12
11
12
12
22
13
9
9
19
11
13
16
12
10
15
10
12
16
15
11
19
12
25
16
12
16
15
9
19
10
10
26
20
14
20
14
14
22
18
14
18
13
14
28
14
11
21
9
17
15
14
15
18
19
14
17
15
8
11
11
8
13
13
7
18
14
9
15
12
12
13
10
14
12
15
16
11
16
14
16
16
20
12
15
21
12
13
17
12
10
23
10
12
20
14
14
14
9
9
11
14
15
19
14
15
17
10
11
6
13
12
14
12
12
15
15
10
14
10
7
12
13
14
13
13
16
16
11
17
13
13
18
14
16
19
4
11
17
11
12
16
14
10
9
9
9
20
12
8
20
9
16
8
17
9
14
9
12
20
14
10
16
11
14
10
8
12
16
10
14
11
13
18
11
17
24
8
17
24
14
13
24
16
14
22
17
8
17
9
11
12
8
10
16
7
12
19
12
11
15
15
8
11
9
11
13
12
15
12
11
15
10
11
12
15
15
10
21
13
9
15
12
14
12
9
9
11
15
12
12
11
13
13
10
11
11
10
21
12
15
11
10
20
9
18
14
14
9
12
14
15
12
21
12
12
14
11
13
17
16
13
19
13
11
26
12
13
23
10
14
15
13
13
17
13
9
18
6
10
16
7
10
18
14
13
13
10
11
10
9
14
17
9
19
16
11
15
18
10
10
17
5
11
15
11
11
11
8
13
20
12
14
12
13
20
14
8
18
12
10
7
10
12
20
12
13
10
15
10
19
13
6
16
12
13
11
13
12
19
9
14
18
11
12
18
11
12
19
11
16
13
13
11
8
16
11
18
12
13
10
8
16
11
10
11
17
15
17
15
12
12
14
16
14
18
12
12
13
8
12
13
8
13
13
