19
19
23
21
18
22
33
21
19
15
14
17
26
21
20
16
18
17
18
16
21
23
16
14
22
12
21
23
11
15
21
16
18
20
18
17
19
21
21
15
18
18
20
16
23
17
14
17
17
15
20
18
17
19
17
19
24
22
19
18
13
16
15
19
19
26
21
23
23
21
19
17
15
17
16
16
17
20
17
20
24
19
17
17
16
25
22
21
14
21
20
14
17
15
18
17
19
14
21
18
22
23
18
17
14
17
23
17
13
20
17
20
24
20
18
21
16
18
19
18
17
19
22
19
15
20
18
15
20
10
24
18
17
16
24
21
15
19
18
14
19
21
13
14
18
17
18
19
13
16
19
16
24
16
19
20
21
21
24
17
20
20
17
27
18
18
15
21
21
15
19
16
21
15
17
23
24
20
18
14
22
19
28
20
15
18
21
20
16
17
26
15
15
13
16
17
20
17
17
18
22
18
20
18
15
16
20
19
16
22
19
12
26
21
21
20
15
21
20
17
22
25
17
17
26
21
16
21
15
21
20
18
15
19
16
19
22
19
21
15
21
17
16
16
24
17
17
20
18
18
23
19
18
23
15
12
16
18
15
18
16
18
16
12
14
16
14
20
15
14
19
15
17
15
17
24
17
19
16
25
16
18
21
22
17
19
22
15
20
25
21
19
18
18
21
19
21
16
18
18
19
23
17
20
19
18
23
19
18
20
9
18
16
19
16
22
14
20
16
22
18
18
16
22
21
19
15
21
16
20
23
21
19
25
25
21
19
17
24
22
21
16
23
16
15
20
19
17
22
20
16
14
17
21
15
14
25
23
17
19
11
24
19
22
18
25
22
16
21
23
20
21
17
17
19
18
22
16
17
16
21
19
21
17
16
17
20
21
18
20
19
29
21
12
24
16
20
19
29
16
23
17
16
21
15
21
15
21
20
23
22
17
22
19
17
28
20
17
19
24
25
16
20
21
16
22
19
17
21
17
16
18
20
14
14
19
22
20
19
12
20
14
16
14
20
17
20
14
26
18
19
18
15
20
19
22
24
20
21
21
21
26
14
20
20
22
21
19
16
16
23
18
16
20
15
21
20
24
18
18
19
18
13
26
18
23
16
17
15
23
19
14
15
9
22
18
24
18
21
27
16
20
22
14
17
25
16
19
19
16
22
15
23
12
16
19
13
19
22
14
22
16
16
19
23
17
19
19
15
21
17
18
15
21
