22
21
31
35
29
22
19
19
24
17
20
26
20
28
19
16
29
15
26
13
24
18
22
26
19
16
22
22
21
25
25
20
40
20
33
31
27
26
32
27
22
24
31
26
28
20
17
14
16
28
21
19
24
21
26
18
26
32
20
26
20
19
16
18
29
21
22
26
21
23
35
23
29
27
21
17
18
17
17
20
26
25
18
19
34
23
13
26
20
36
25
21
14
24
20
31
22
25
25
26
20
31
23
16
23
21
27
23
25
20
26
21
23
29
25
22
24
26
21
15
25
19
23
25
27
20
21
31
20
24
27
29
26
23
38
23
27
31
18
28
20
26
17
19
20
17
27
27
19
24
20
25
23
21
20
23
34
33
18
26
21
26
22
24
18
21
18
22
23
22
19
24
22
18
22
22
30
20
26
21
28
22
22
22
24
18
29
22
20
24
16
29
20
21
25
11
31
21
22
21
25
24
22
22
27
20
23
22
25
25
31
18
20
19
21
22
17
19
21
20
19
29
21
17
30
32
21
17
31
28
26
27
25
20
27
24
21
19
25
23
22
23
24
28
23
23
18
35
18
31
24
22
25
25
35
25
25
24
22
18
26
32
20
21
15
21
24
25
25
22
22
28
23
24
29
21
27
17
24
25
25
22
32
32
26
28
26
33
26
23
24
27
35
21
27
31
18
28
22
31
21
20
28
20
26
33
36
32
25
36
33
39
22
23
25
23
25
16
20
22
24
26
16
18
32
18
25
27
31
17
32
23
29
31
28
30
23
35
14
25
22
28
25
20
23
24
16
32
41
24
21
27
44
25
27
25
31
34
31
32
29
24
19
25
19
20
26
23
37
19
30
19
24
22
21
19
19
30
26
40
38
16
20
23
36
26
20
17
26
28
28
30
25
32
21
34
21
25
27
30
26
19
29
24
27
27
25
25
35
25
28
35
25
27
