34
39
36
44
46
33
46
50
48
38
44
37
42
49
33
28
37
42
35
35
39
51
39
51
50
30
43
30
39
35
50
50
44
48
44
42
41
48
40
39
51
37
34
35
30
47
36
46
40
42
41
37
54
43
37
41
29
39
47
33
39
42
36
49
35
32
36
39
33
59
46
44
49
45
54
41
42
39
33
37
34
46
43
48
53
40
42
48
35
47
43
46
41
42
36
44
38
34
47
38
31
33
43
43
40
38
38
32
39
50
37
48
45
49
33
54
40
42
37
35
53
50
30
41
46
40
42
44
35
47
33
36
37
37
38
43
48
38
57
51
43
34
36
35
44
42
47
34
46
38
35
53
35
43
49
32
51
48
39
45
29
42
39
45
45
43
42
37
38
46
45
39
46
33
35
43
43
56
33
36
44
32
31
39
57
40
36
41
39
49
40
50
33
43
32
38
36
50
39
62
43
38
52
50
36
36
41
40
30
46
39
25
40
44
43
43
46
40
50
39
47
44
42
41
40
40
53
36
56
41
34
49
41
43
53
60
35
48
54
52
51
