33
12
14
13
10
12
11
12
14
11
12
10
16
12
13
17
9
8
10
8
14
9
13
16
9
7
14
17
7
13
13
15
15
9
10
13
11
14
12
12
14
18
14
19
15
14
19
14
12
16
20
11
15
13
16
21
14
13
19
7
12
13
7
19
12
17
13
15
9
15
16
12
15
9
10
16
8
11
11
13
7
19
10
17
22
11
10
16
16
15
21
6
15
14
18
13
10
11
15
11
13
17
11
13
21
15
13
17
10
13
10
11
13
12
14
14
11
12
16
14
8
14
10
14
18
14
8
15
16
12
14
11
14
14
10
10
17
10
16
15
16
10
15
7
18
12
18
19
7
13
18
9
12
12
7
19
12
12
9
18
12
10
11
20
11
22
14
9
16
15
14
10
15
17
12
17
14
17
14
13
13
19
19
10
14
19
13
14
11
14
10
13
14
14
20
14
12
11
14
14
14
16
17
15
12
12
9
15
21
14
11
12
7
8
18
11
12
14
10
11
18
11
11
12
13
17
14
9
19
14
16
15
16
7
15
13
11
18
12
13
14
13
8
16
11
11
16
4
8
11
11
16
10
10
16
13
8
18
14
12
25
12
12
12
9
12
14
12
8
18
14
15
20
10
11
18
12
19
17
12
17
14
10
16
12
8
26
7
16
18
12
13
15
14
15
15
14
19
20
10
9
12
12
14
16
12
13
15
14
12
12
18
13
16
15
8
16
12
15
18
11
15
19
11
18
16
16
17
17
17
26
13
16
19
15
14
28
13
12
12
16
7
15
14
13
21
13
14
19
10
13
21
13
12
17
19
11
17
16
18
14
14
12
14
9
16
11
13
12
16
12
17
20
13
24
13
20
25
17
12
26
13
12
24
11
13
18
15
17
12
12
15
19
15
10
15
19
14
15
10
16
19
16
14
17
16
13
19
17
16
18
11
7
14
12
12
13
11
22
9
11
22
9
16
17
12
14
16
9
12
24
14
9
28
19
14
21
11
15
21
22
18
17
17
10
14
11
15
14
16
11
15
7
14
9
12
13
18
15
12
12
11
18
17
19
24
17
15
16
14
13
20
10
12
19
14
9
16
20
15
21
14
15
21
13
8
8
16
13
13
33
12
16
19
15
14
16
15
13
12
12
14
14
16
19
10
12
17
8
20
16
18
22
15
12
23
13
10
21
12
14
21
10
11
19
8
15
18
13
12
23
6
16
11
20
11
11
10
15
12
17
15
23
11
11
12
18
15
19
14
13
25
9
12
18
8
17
19
14
19
20
13
26
15
19
21
11
13
23
12
14
28
8
10
16
15
14
19
11
15
18
19
12
17
13
19
10
11
13
17
10
14
17
12
11
12
13
16
18
8
12
14
10
13
17
10
20
14
12
22
13
12
21
9
14
22
18
13
18
10
13
17
13
10
24
19
18
22
13
14
14
15
13
12
11
9
16
16
9
26
12
11
18
10
15
14
8
11
16
11
20
8
10
20
9
12
19
15
12
22
11
11
25
10
15
19
15
18
26
12
12
20
18
13
10
12
19
16
10
10
11
15
13
18
17
8
19
16
14
17
14
15
16
17
20
14
14
26
9
