19
19
13
14
16
12
19
17
14
20
15
21
18
11
21
13
16
21
12
17
16
14
18
15
19
17
15
10
11
11
11
14
19
18
20
18
19
15
22
14
11
21
17
17
12
18
12
18
15
26
10
16
16
15
15
19
15
16
15
21
13
21
22
20
20
14
15
21
15
13
24
17
25
20
13
16
15
20
22
13
15
18
19
24
16
22
13
30
14
13
17
14
10
20
20
17
20
26
18
13
20
16
20
9
21
23
15
18
19
24
14
19
17
17
18
13
15
12
20
18
20
24
18
15
22
19
13
24
16
19
20
17
19
26
21
12
20
22
16
17
14
15
21
14
21
14
15
13
18
15
11
20
22
18
15
21
10
18
19
21
22
21
19
15
10
11
18
10
23
23
19
11
22
14
19
19
22
20
21
16
14
17
20
19
15
12
17
17
14
14
14
19
19
16
16
14
13
18
16
16
13
9
16
11
21
19
18
14
17
14
16
18
12
17
26
12
12
15
12
14
23
14
18
19
20
16
17
17
20
19
19
13
14
11
20
14
17
19
13
20
22
14
23
14
11
18
16
17
14
17
15
12
13
21
14
16
20
25
22
15
15
18
16
18
23
16
21
18
21
18
14
22
15
22
22
17
13
13
13
14
22
23
12
13
12
25
24
13
18
23
19
22
21
16
19
22
13
16
14
18
27
16
18
17
23
14
15
27
14
19
16
14
12
17
15
16
18
19
13
17
26
19
22
27
15
23
14
15
15
25
20
21
27
25
21
22
21
17
19
19
20
17
25
17
17
20
19
15
21
17
20
17
14
17
14
20
14
24
13
27
13
11
17
17
15
15
16
16
18
25
27
18
18
15
17
25
21
18
11
14
27
14
27
23
17
12
23
21
20
21
12
20
17
22
18
20
17
13
22
21
24
24
21
28
19
23
18
15
19
16
12
24
15
12
18
14
21
12
13
19
30
19
17
13
19
16
15
20
27
20
23
18
17
24
20
21
20
20
19
19
19
21
19
16
19
18
21
26
19
19
19
28
18
25
17
17
27
18
25
20
21
17
16
22
26
15
22
18
22
23
21
21
18
14
28
12
17
17
20
29
31
15
18
27
17
28
24
14
18
16
8
24
20
22
17
18
15
13
20
16
18
23
13
17
15
13
11
25
24
15
21
20
20
25
18
15
9
23
26
15
23
22
15
20
26
13
24
24
20
14
19
19
17
19
16
18
20
10
21
21
16
16
18
16
19
21
18
22
24
18
18
21
12
21
24
24
11
