30
23
18
16
30
26
17
21
27
13
20
23
20
20
19
21
13
22
28
20
18
21
12
14
25
18
24
17
30
18
25
15
14
21
17
18
23
15
19
26
12
28
18
20
24
18
19
17
20
17
23
14
18
20
20
17
22
19
22
23
22
23
22
32
13
19
21
24
23
17
21
25
22
19
27
18
14
19
14
26
19
21
18
14
22
20
19
19
16
21
22
19
27
21
21
27
21
19
23
16
24
23
22
22
17
18
17
18
12
18
20
23
24
21
14
21
17
18
24
20
18
18
16
18
19
22
18
19
14
15
19
20
14
21
22
17
19
21
15
20
17
16
23
18
23
23
15
14
22
19
26
18
17
16
21
17
23
22
21
25
27
25
23
28
24
28
15
13
22
16
19
28
17
22
17
34
21
22
17
28
23
19
16
22
17
12
12
21
18
21
18
22
20
20
20
15
21
18
16
20
19
13
25
13
19
22
21
33
20
27
22
22
24
26
18
20
20
23
14
20
29
21
17
24
23
14
20
19
16
23
23
18
25
21
19
20
18
34
15
14
21
22
20
18
16
12
23
25
18
14
20
24
30
18
24
31
17
19
24
18
19
20
27
17
16
15
15
27
30
23
21
16
15
22
27
25
14
25
17
24
28
16
19
21
29
23
23
22
15
21
24
24
25
27
17
24
29
29
15
18
26
20
28
19
21
25
24
23
20
13
29
29
24
17
22
24
18
19
22
17
23
26
23
21
16
35
17
18
19
20
25
14
36
17
22
29
15
15
27
26
25
22
20
21
20
29
29
25
27
34
21
25
27
17
11
21
25
28
20
19
21
17
24
19
21
14
23
28
21
12
18
13
26
22
20
26
19
29
28
24
17
23
28
17
25
26
19
29
27
22
23
28
28
15
21
13
27
21
20
22
20
21
19
18
27
22
15
23
17
24
25
20
14
24
15
17
12
25
27
23
24
20
25
16
19
13
16
18
30
30
20
20
24
21
23
23
15
27
23
16
19
17
22
33
27
20
25
15
14
23
23
18
22
11
27
35
23
19
19
9
14
23
19
14
20
20
19
19
18
19
18
30
35
16
15
19
19
22
18
33
