23
25
24
25
25
27
18
30
29
29
15
29
31
28
27
21
36
21
24
31
20
27
28
33
19
24
32
24
33
26
26
32
25
26
15
23
17
30
34
32
23
16
31
28
24
32
16
29
15
20
25
28
20
19
30
31
27
27
20
28
36
25
25
25
33
20
23
23
18
26
24
31
25
26
26
25
27
31
26
20
21
25
23
20
32
23
23
31
20
28
31
35
22
22
34
27
27
29
29
30
37
29
32
32
28
21
27
21
23
29
21
31
14
23
25
30
31
21
26
24
27
27
27
28
18
24
26
35
30
18
19
25
24
21
24
25
23
20
29
29
32
22
20
21
24
22
33
22
22
19
25
23
25
21
32
25
23
28
18
21
18
21
35
32
18
34
27
19
19
24
29
35
19
27
32
38
17
25
27
20
15
21
26
25
20
27
18
29
28
22
30
19
24
23
20
20
21
27
22
20
33
24
24
21
22
18
24
28
21
23
30
14
12
17
28
29
28
32
23
21
15
21
22
21
24
20
28
22
28
35
18
22
36
31
27
28
23
28
18
23
23
24
27
30
20
28
19
28
18
30
21
29
27
27
29
24
20
28
19
41
20
30
43
30
23
23
32
23
31
31
29
35
22
26
23
25
30
26
30
33
25
22
41
23
33
20
31
24
31
23
20
31
22
19
21
24
18
28
23
31
17
33
26
20
34
25
28
19
30
38
26
23
27
21
37
35
35
23
28
14
20
20
30
27
17
21
31
29
20
33
31
20
24
35
21
35
43
24
28
21
23
27
17
41
31
31
27
23
25
28
22
30
19
28
28
26
26
26
33
30
34
30
20
25
22
21
24
28
33
31
32
32
31
28
27
27
21
28
25
23
35
29
29
27
20
29
38
33
24
