31
12
15
14
13
14
11
14
12
11
11
10
6
13
12
8
13
10
9
18
7
14
15
6
18
6
13
15
10
8
18
15
9
13
6
10
10
11
5
15
6
13
15
9
6
17
11
9
18
9
14
6
10
12
11
10
19
10
16
14
8
7
15
10
13
12
15
12
24
13
11
12
11
15
17
12
23
10
9
15
10
11
18
12
14
9
17
10
23
15
14
16
13
8
21
11
11
22
11
13
22
13
7
14
8
8
12
14
7
19
9
17
22
14
10
15
13
16
18
14
19
11
10
16
10
12
22
10
17
16
12
9
17
11
12
11
9
13
14
10
6
13
7
15
6
18
10
18
11
11
14
7
14
17
16
7
24
10
14
16
11
13
12
10
18
12
14
20
9
10
22
8
10
22
6
18
15
10
13
19
15
8
14
10
11
17
10
9
15
9
12
14
16
7
13
12
9
17
8
16
12
18
15
21
6
16
13
6
21
11
19
29
12
13
26
9
15
17
11
5
18
12
12
16
12
17
16
15
14
13
15
21
16
27
16
12
11
10
12
9
11
15
11
7
21
10
16
13
8
10
15
10
19
18
13
19
15
9
18
14
7
22
15
12
19
19
13
16
8
7
12
13
12
16
18
11
14
13
8
12
15
15
22
11
10
14
14
16
15
12
14
20
15
7
16
15
13
18
18
18
11
18
25
12
7
22
13
18
20
15
9
20
16
11
16
13
21
20
11
11
10
6
14
16
8
13
19
11
14
21
12
19
17
12
9
12
10
15
17
14
15
16
11
20
14
15
24
10
13
22
17
15
12
14
13
20
15
11
21
12
11
16
18
9
17
11
10
13
11
15
14
15
13
17
12
10
18
9
11
16
10
8
11
15
15
21
10
17
16
12
24
6
15
18
17
19
20
17
16
30
9
10
17
13
12
18
12
19
21
13
14
23
13
18
13
14
11
19
6
12
15
19
18
9
10
15
18
13
16
13
20
15
16
10
23
11
16
22
14
11
22
15
9
20
12
14
22
11
14
23
9
11
18
15
17
18
13
13
15
11
12
20
15
12
18
11
20
18
9
13
17
8
16
17
11
17
13
12
22
11
12
21
17
12
19
12
11
24
12
14
23
12
13
22
16
12
19
13
13
17
12
11
22
15
14
18
10
9
18
19
12
14
10
16
17
12
12
13
8
22
20
15
21
15
20
18
10
21
23
14
15
20
10
5
17
12
13
19
11
10
16
16
11
19
9
11
16
8
19
16
15
12
15
17
11
15
10
10
20
11
13
13
17
12
17
17
22
22
8
19
9
16
17
18
16
21
10
11
13
19
13
22
17
10
20
13
16
26
18
12
24
12
12
16
9
12
17
14
14
18
10
10
18
12
9
16
10
12
13
15
16
24
12
23
13
11
20
16
14
21
15
16
29
16
11
26
14
10
23
10
15
18
7
11
12
13
17
23
13
6
20
13
12
20
14
16
14
9
15
17
10
11
17
5
12
21
7
13
10
7
14
14
8
22
9
16
24
11
16
14
12
9
24
17
13
20
12
7
24
14
12
12
19
8
18
9
16
23
14
12
17
14
13
16
11
14
24
16
18
25
7
13
13
19
12
14
