15
13
18
12
16
23
7
13
22
18
22
11
20
16
7
10
13
11
10
17
8
13
15
6
8
16
12
12
13
10
11
17
15
7
9
11
12
15
8
9
15
10
4
19
10
9
17
8
12
10
8
18
12
14
19
18
13
14
11
9
15
16
10
21
13
15
14
11
10
11
12
18
16
14
14
14
14
16
27
17
8
19
6
17
16
9
7
43
6
13
18
9
11
22
9
13
10
6
18
12
7
16
12
12
20
14
9
14
11
11
13
10
6
12
9
21
22
8
8
14
7
10
14
14
10
12
15
10
15
22
46
12
30
19
32
18
13
17
11
13
11
11
18
10
8
12
11
8
14
9
6
16
13
8
14
9
24
39
20
10
21
22
10
20
13
12
21
16
15
27
27
15
11
27
18
14
12
9
18
8
17
14
11
25
11
17
21
18
10
15
10
24
37
33
27
31
28
16
19
14
28
28
19
12
33
32
15
25
35
7
10
11
9
21
11
10
15
10
8
16
11
14
15
11
13
13
6
20
9
14
22
9
11
29
11
13
18
25
24
17
12
17
27
16
12
15
20
19
25
30
20
22
17
11
13
15
20
25
18
10
18
10
13
19
23
11
13
49
13
15
13
36
34
38
18
19
11
16
10
14
14
9
8
14
12
10
12
12
12
15
22
23
27
18
18
31
20
8
16
23
30
17
21
21
28
23
12
16
20
23
24
23
22
15
13
23
14
10
24
11
14
17
14
21
22
13
16
23
23
10
18
26
17
30
14
25
21
16
18
11
19
15
21
8
12
23
12
12
22
17
20
29
18
17
23
21
17
23
11
25
17
30
36
20
16
21
13
18
28
15
18
38
29
28
33
23
18
33
17
13
19
20
23
21
30
17
21
13
5
13
15
14
32
13
6
12
16
21
17
8
13
8
13
20
16
25
21
26
24
31
26
16
25
16
17
12
17
15
16
16
16
21
17
24
23
12
20
27
11
22
21
20
15
17
8
23
35
20
15
19
22
17
18
17
15
21
25
28
28
20
33
13
13
22
20
21
26
15
9
22
12
15
29
9
13
18
10
18
14
16
16
18
26
13
19
22
21
11
15
15
24
23
21
16
23
18
28
19
19
16
23
30
22
23
23
21
14
35
29
23
21
22
20
25
20
25
34
21
28
28
18
16
25
12
17
18
14
10
11
12
25
20
17
27
17
17
26
16
12
13
18
16
21
12
19
20
17
14
16
16
13
15
23
27
24
16
15
30
22
15
22
13
11
17
8
12
17
17
17
28
15
11
17
15
11
24
25
13
22
22
24
21
20
12
16
17
7
17
17
13
