35
33
37
31
38
31
39
38
45
45
36
40
28
38
33
40
40
27
38
43
33
39
34
34
41
26
29
34
38
40
38
40
33
38
27
33
32
34
36
40
29
41
33
33
34
38
28
35
34
44
47
33
25
34
33
33
31
34
42
41
37
35
34
36
32
41
38
23
32
37
35
31
35
34
35
25
25
36
34
26
29
38
32
36
34
34
36
30
37
30
40
39
39
39
37
41
36
43
36
32
39
29
33
58
35
34
36
41
38
33
41
33
29
30
34
36
33
38
40
31
26
38
41
34
43
34
38
41
32
30
30
45
39
25
28
30
34
40
34
36
36
39
34
35
38
32
39
26
34
50
38
38
37
39
44
34
39
35
29
38
32
35
35
31
33
41
30
36
28
30
45
40
30
39
38
45
42
44
49
26
35
35
41
36
32
43
44
29
47
45
44
38
40
34
41
37
45
55
35
31
37
43
38
40
34
36
43
36
32
30
50
38
39
38
42
29
32
37
42
35
29
34
38
43
31
26
33
30
33
47
33
26
24
29
26
41
35
40
35
38
42
45
29
24
40
36
46
30
32
37
47
34
43
39
44
34
36
30
34
41
34
40
32
27
34
32
45
40
33
33
37
40
32
43
37
36
37
37
40
