41
56
47
47
63
57
55
48
52
53
51
55
47
52
54
44
53
49
47
51
42
52
36
52
49
43
41
40
48
44
52
52
43
50
56
38
51
48
54
50
48
44
49
50
40
40
45
51
52
47
48
56
41
35
64
51
53
42
43
50
46
41
49
44
50
42
47
58
46
43
50
56
55
46
55
52
42
44
37
43
52
41
51
39
42
44
36
40
46
52
45
58
47
43
55
50
50
42
41
60
50
53
55
61
43
57
59
57
59
45
37
49
47
52
55
53
53
59
58
47
61
59
57
48
51
51
44
55
51
48
51
60
46
55
46
56
44
55
46
51
43
48
50
46
48
50
37
60
58
57
60
59
54
53
62
70
53
62
40
54
51
52
54
45
49
55
46
38
49
54
45
55
56
52
58
47
41
41
45
40
49
62
46
40
46
41
63
49
46
57
46
52
38
50
47
46
47
59
56
47
46
52
60
