43
27
33
40
33
35
31
52
32
27
34
31
33
32
37
32
45
32
33
31
27
28
26
42
37
24
39
32
38
30
40
32
29
36
25
39
39
31
34
23
22
31
28
24
37
39
37
35
31
35
34
31
29
44
33
27
32
34
37
28
37
36
44
32
23
35
37
31
32
34
37
28
34
32
40
29
39
42
42
33
39
31
27
28
42
50
37
36
42
37
27
42
30
40
36
25
36
33
46
30
24
37
36
33
37
27
32
32
37
34
40
45
27
26
33
38
29
35
36
36
36
31
38
50
38
28
31
25
38
24
35
39
29
36
38
31
37
41
34
25
32
36
30
37
23
32
37
38
38
47
49
24
36
37
44
29
34
42
39
47
31
34
29
38
35
42
43
41
37
34
35
33
27
39
38
31
34
39
29
39
43
28
35
43
40
27
37
32
40
49
38
34
44
45
28
31
37
35
37
37
18
30
30
26
35
32
39
45
27
29
27
35
27
41
38
36
33
38
25
35
41
35
32
28
42
34
37
37
43
30
30
44
29
37
37
30
33
29
34
33
31
37
34
38
37
35
35
35
40
50
37
36
30
26
37
29
31
45
31
28
36
34
47
43
39
38
30
27
37
38
34
48
43
33
30
35
34
52
39
27
29
42
35
39
41
37
35
44
