28
34
41
21
30
35
24
20
44
30
27
25
33
24
31
32
34
27
37
36
31
22
36
31
29
41
35
34
38
26
25
22
29
21
30
25
31
24
27
31
30
24
36
23
25
32
32
28
32
30
29
18
33
30
33
40
27
18
29
28
27
30
23
32
36
23
26
32
25
29
37
26
23
27
43
31
25
32
20
25
32
34
24
21
29
26
24
18
35
28
37
29
22
38
27
34
28
35
32
26
41
33
39
32
26
23
28
25
35
40
24
39
29
33
20
36
23
30
32
23
18
26
29
27
32
36
21
30
28
33
33
21
29
35
25
23
29
30
32
26
27
18
28
22
34
28
30
27
34
27
30
33
31
32
39
31
34
24
39
32
29
28
28
39
24
19
27
40
29
40
35
30
33
38
31
32
29
33
27
27
31
29
36
30
27
32
26
27
14
26
36
43
27
24
32
35
30
34
25
41
37
28
39
27
22
25
21
28
31
23
32
25
37
29
29
30
32
39
24
33
35
33
33
28
36
35
34
21
24
19
19
29
40
25
24
39
25
28
34
35
27
25
41
39
22
39
30
25
31
35
30
30
34
37
22
34
30
28
37
37
30
39
27
39
27
44
26
31
28
27
40
27
35
29
34
20
34
39
32
28
34
35
23
24
45
33
36
40
30
37
33
39
27
30
29
33
32
22
35
27
40
23
23
36
24
31
32
24
47
38
38
37
35
25
24
36
31
36
28
16
29
33
27
43
41
35
35
41
34
30
31
