33
35
36
33
37
35
37
33
30
31
41
37
29
29
36
27
37
41
31
38
29
34
35
38
36
44
40
37
35
37
35
39
25
32
33
36
34
31
39
34
33
44
37
35
30
29
39
40
25
23
33
42
31
32
32
29
41
30
28
40
42
26
34
30
41
31
41
42
28
26
37
34
32
35
37
35
34
38
41
37
36
36
35
46
37
37
43
36
35
31
24
40
38
48
34
34
32
42
38
34
37
37
34
32
37
31
42
36
33
35
38
31
28
31
32
43
40
36
35
37
34
39
29
45
33
39
30
25
34
46
34
31
30
40
45
39
41
25
24
37
35
47
34
33
26
41
41
27
38
41
28
40
38
33
32
34
29
31
37
30
29
41
32
31
24
33
30
41
31
38
32
45
29
33
28
34
31
38
33
35
37
45
47
30
39
36
26
41
34
34
37
46
30
31
51
28
33
32
32
21
40
30
28
33
35
41
32
40
29
28
45
33
32
39
32
37
30
29
36
29
47
42
33
47
32
35
29
27
42
35
43
28
23
43
37
30
38
41
38
35
38
24
40
38
46
31
32
40
41
32
39
26
33
39
40
34
34
31
38
41
35
37
40
38
39
48
36
43
35
42
40
44
45
23
37
36
32
36
41
38
34
41
44
37
