20
11
13
12
13
23
8
9
12
13
5
15
14
8
18
7
11
12
12
10
10
15
9
11
17
10
14
5
15
15
7
18
13
20
13
15
10
20
20
6
21
9
15
22
14
16
14
8
8
14
16
18
14
12
12
11
15
27
15
4
12
7
19
6
12
18
17
15
17
23
8
6
22
16
14
14
10
9
8
11
10
6
20
23
21
9
16
13
17
23
18
14
26
20
11
27
20
8
21
16
18
18
10
10
17
23
17
12
15
26
25
15
11
17
16
13
8
10
12
7
24
13
21
15
27
11
7
16
15
16
13
18
11
21
6
18
22
21
22
17
21
13
11
17
17
16
25
29
23
20
21
8
19
21
22
14
14
13
25
20
15
21
20
14
17
17
25
23
18
19
8
8
9
10
8
8
21
13
10
14
16
15
18
19
22
16
19
20
21
19
28
35
16
28
13
14
15
20
22
31
13
21
25
22
24
30
14
21
25
15
9
14
14
19
25
16
24
16
21
16
14
16
13
14
17
16
18
24
17
19
27
17
15
17
16
17
14
25
23
17
22
20
21
18
16
15
30
15
17
31
18
16
14
26
14
14
8
9
18
8
14
9
10
16
18
12
12
13
14
13
22
20
13
13
25
20
23
31
12
21
26
20
17
15
17
27
9
23
15
21
18
18
18
32
18
22
21
33
17
19
19
12
16
19
23
28
16
25
22
21
19
17
22
28
17
26
14
20
18
22
16
21
13
27
15
13
22
18
23
13
22
11
19
11
24
24
18
16
14
19
26
18
17
24
23
18
25
29
21
20
16
29
28
19
21
24
25
11
20
23
24
15
24
9
24
15
9
21
16
24
20
21
10
20
8
14
16
10
28
17
18
22
14
18
21
12
24
31
30
24
20
15
15
26
20
13
13
11
14
14
15
9
18
7
12
17
11
14
12
16
12
14
17
15
18
13
10
14
20
27
24
15
20
21
17
19
19
26
29
9
16
20
22
15
22
20
20
22
24
19
20
29
14
21
21
18
27
19
26
16
28
19
18
13
14
12
12
12
17
12
25
24
15
16
24
31
25
27
21
19
14
16
28
23
17
36
16
16
23
18
23
15
24
18
30
18
13
18
12
28
29
18
21
21
28
22
18
13
19
19
24
22
22
24
18
18
24
26
16
14
17
28
18
29
20
21
16
15
21
24
24
25
15
31
30
29
31
18
19
16
19
21
17
18
31
19
26
27
13
17
18
20
21
22
18
13
20
20
20
16
19
19
19
11
17
18
16
20
20
25
22
