16
19
15
18
16
12
19
17
13
19
14
16
13
35
19
15
20
14
18
11
12
11
19
15
16
13
16
18
12
18
16
16
17
17
23
16
16
14
19
22
17
15
11
19
18
11
21
24
13
16
12
16
11
14
11
23
13
11
12
15
13
17
17
10
15
30
16
14
17
9
26
18
15
18
25
11
16
14
14
15
16
17
20
17
15
13
15
15
18
20
13
19
17
15
15
19
12
14
18
11
15
14
18
19
16
16
14
12
18
14
18
18
15
21
16
19
14
19
16
19
18
11
16
14
15
15
14
12
16
16
18
12
16
15
15
17
9
15
22
17
14
15
12
14
14
15
19
24
15
19
16
21
15
14
19
18
14
11
17
26
16
15
17
16
23
17
12
21
20
17
19
15
24
15
15
19
17
17
20
19
16
16
16
15
17
13
12
18
14
16
13
12
19
15
14
13
20
14
17
16
14
17
23
18
14
19
13
17
18
15
11
18
15
18
19
17
22
15
16
13
18
12
15
22
22
17
19
11
19
21
18
15
18
17
19
15
13
21
17
20
16
16
13
13
19
12
16
18
21
19
18
15
17
16
21
12
15
13
18
12
15
17
17
20
16
14
14
14
14
16
22
16
17
17
13
10
17
13
13
21
17
15
8
12
13
16
25
19
16
16
15
16
15
13
19
18
19
18
17
16
11
21
16
15
16
19
20
22
21
17
10
20
13
17
14
16
16
12
18
21
22
9
17
7
17
24
16
18
13
16
18
14
16
13
20
17
21
20
17
11
16
17
18
16
14
12
14
24
11
14
19
13
15
13
9
14
12
19
14
11
17
17
17
18
17
19
15
19
20
21
12
22
18
17
16
22
15
20
15
18
12
17
15
14
17
16
19
18
8
13
14
14
13
16
18
14
21
14
14
10
16
20
15
13
23
15
20
18
16
16
19
14
18
18
14
18
20
15
17
16
17
15
12
15
13
18
15
15
18
18
14
17
14
18
13
15
15
16
17
21
14
21
12
28
17
17
18
13
16
12
20
16
16
11
26
20
16
21
15
17
13
12
19
15
15
16
14
20
10
13
17
19
20
14
22
12
16
12
19
19
15
15
19
19
19
13
17
16
21
17
21
14
22
17
19
19
16
12
22
18
12
15
20
12
13
18
18
11
17
21
14
16
9
15
21
13
13
13
12
20
18
21
21
15
15
17
16
20
14
18
15
16
21
17
18
11
16
18
15
16
19
21
15
19
19
14
25
19
15
18
18
14
14
17
19
14
15
21
13
7
18
14
17
19
16
16
14
17
18
16
13
26
15
15
17
13
17
23
17
15
15
9
16
23
15
9
11
12
19
17
16
19
20
19
14
20
16
19
16
13
13
16
16
21
13
18
15
15
15
22
20
18
21
