14
10
18
9
10
14
12
8
10
13
18
11
14
15
12
12
18
12
14
16
15
11
8
15
18
18
9
12
10
18
14
22
12
12
13
12
11
13
16
13
16
10
11
18
12
14
15
13
13
10
10
17
18
12
18
20
12
10
19
7
17
8
11
17
12
14
17
17
11
12
10
11
22
20
15
18
11
15
16
6
10
12
13
8
15
13
16
13
11
15
17
17
15
10
9
15
10
13
19
13
15
11
16
10
8
10
9
15
12
8
7
13
6
10
21
12
13
11
13
16
15
14
18
8
13
11
8
10
14
13
11
15
12
9
19
12
13
13
16
18
12
13
15
8
17
17
8
9
24
12
11
9
8
15
19
10
11
9
14
15
19
14
21
18
6
16
16
12
18
15
16
13
14
19
18
13
10
13
17
9
11
7
11
11
11
10
14
12
10
17
8
12
14
19
10
7
14
12
13
11
16
9
10
10
19
12
14
11
10
9
11
11
9
14
12
13
19
10
16
14
11
16
17
9
10
12
15
21
11
11
19
17
20
23
11
12
12
12
13
14
10
13
17
10
14
8
13
13
19
13
13
16
11
14
11
13
23
18
9
20
18
17
15
18
12
14
15
15
17
18
10
12
20
10
15
10
15
17
12
17
14
14
11
10
18
11
10
9
8
16
20
19
19
10
9
18
9
17
11
14
16
16
16
11
19
13
12
14
13
14
11
10
13
8
16
25
14
12
15
13
13
12
12
10
18
16
13
11
11
15
17
13
12
17
13
6
13
12
10
17
9
14
14
12
17
16
9
14
11
21
11
12
16
19
18
11
17
12
15
21
10
7
17
15
14
20
9
14
13
8
15
20
12
11
17
5
8
8
12
10
11
11
14
16
7
16
8
11
11
16
9
17
15
14
14
14
12
13
11
8
16
8
13
21
12
15
12
11
12
13
11
15
9
15
13
15
14
15
13
12
15
15
9
13
13
10
16
17
10
8
15
10
17
15
12
21
8
18
23
14
11
19
12
13
16
16
18
17
15
10
11
6
10
18
12
5
13
13
8
13
10
10
10
12
10
10
13
12
15
11
12
17
15
12
14
11
17
14
20
19
13
8
12
15
11
21
14
13
19
11
13
17
11
10
17
15
13
16
21
14
17
11
15
15
22
12
14
10
9
19
14
10
13
7
15
16
12
7
14
13
17
15
17
12
9
12
16
12
12
14
16
9
14
9
15
10
10
14
8
9
12
20
13
9
19
5
14
13
11
14
9
12
14
18
14
6
14
12
14
18
9
21
11
10
18
11
7
17
14
37
25
11
14
13
11
14
11
13
18
38
17
8
14
18
15
17
15
17
17
10
11
14
13
12
15
8
9
10
18
13
15
12
12
11
10
16
15
18
17
12
13
15
16
16
15
12
12
15
8
16
19
9
13
18
9
13
23
9
13
15
10
17
17
11
14
12
7
9
15
13
11
16
12
12
7
12
11
10
12
16
11
13
14
17
13
13
17
13
16
10
8
22
15
13
15
9
19
24
9
15
13
12
13
15
9
11
18
13
8
12
14
10
9
10
10
21
11
12
14
9
13
13
10
17
13
12
27
10
9
15
17
9
11
16
11
18
10
16
11
18
8
13
10
10
26
16
13
20
12
15
19
9
10
19
11
17
19
11
6
10
16
14
19
9
15
15
14
18
8
15
15
15
7
20
15
