20
14
18
15
18
19
16
17
23
12
21
15
20
17
24
17
19
10
13
19
15
10
16
26
19
16
11
13
18
13
20
21
16
17
16
23
22
14
19
22
17
16
14
22
17
16
21
13
19
21
13
17
17
16
13
23
13
20
14
17
22
15
17
18
15
19
18
15
20
23
17
22
21
9
15
16
19
17
21
19
12
12
14
15
18
13
16
18
10
16
16
16
26
17
14
20
15
24
16
20
15
20
17
15
19
14
14
16
17
14
19
19
12
20
21
14
17
16
17
18
23
15
19
17
16
24
13
20
19
16
19
22
13
15
19
12
18
19
11
16
15
16
15
18
19
20
13
15
14
21
20
14
17
17
19
18
13
20
12
13
12
12
17
16
18
14
16
20
16
16
14
12
14
14
15
22
13
16
19
15
18
21
18
17
20
11
23
20
16
19
16
15
18
16
16
13
14
16
18
19
17
17
17
15
32
21
22
21
16
20
14
15
18
17
16
22
25
18
10
21
12
24
18
14
18
18
17
23
22
19
15
16
15
14
16
22
21
19
15
17
15
17
24
17
19
19
11
20
19
15
23
16
13
19
18
14
13
15
15
13
22
14
16
17
20
17
17
16
21
19
16
28
16
13
15
23
15
17
19
17
21
12
13
20
11
17
18
16
19
14
11
14
20
22
16
17
19
15
17
16
13
18
17
16
12
16
17
24
15
20
16
16
19
13
17
21
22
24
19
17
13
19
19
20
12
10
17
16
11
16
22
18
21
21
15
19
19
15
10
15
14
18
19
11
19
15
12
18
21
14
18
20
22
17
17
22
18
19
12
13
20
11
15
20
16
18
18
20
17
18
16
19
13
16
22
19
12
14
17
14
20
17
13
15
22
18
17
19
18
18
14
12
19
20
28
20
15
12
14
19
16
16
15
19
15
16
13
19
12
21
18
17
15
14
22
14
18
13
16
16
20
14
15
17
17
14
18
16
17
13
14
23
18
19
11
20
11
15
14
17
15
25
18
15
22
20
18
10
18
18
15
12
13
19
17
15
18
18
21
23
22
20
16
15
17
16
22
19
19
20
17
20
15
21
17
12
26
19
13
18
12
14
13
22
16
19
17
11
20
18
20
16
18
13
20
11
17
16
17
13
23
16
18
18
14
13
16
15
18
14
22
16
25
26
16
20
15
26
17
20
17
14
19
21
13
18
17
16
17
19
12
13
21
15
24
14
19
17
19
18
21
23
15
17
18
14
17
20
10
16
15
20
15
19
18
26
16
19
20
19
22
16
17
17
15
19
18
27
21
13
23
17
18
18
14
23
26
14
23
16
21
15
