28
29
28
39
30
31
36
39
31
36
33
34
32
30
26
28
23
31
24
36
35
36
29
33
39
36
35
25
22
28
27
28
34
29
24
26
37
36
31
30
22
29
21
38
28
34
25
25
33
30
27
28
36
39
36
34
27
30
26
36
32
32
35
34
34
45
27
26
32
30
33
33
33
27
33
31
22
26
28
40
42
27
31
31
33
32
35
39
25
27
23
30
37
43
30
32
31
29
31
43
27
24
31
18
29
31
33
23
25
25
22
31
29
32
37
32
28
25
27
26
26
27
31
45
25
28
33
24
25
21
38
30
33
28
33
31
23
32
29
25
32
28
27
30
38
22
32
31
26
28
35
28
30
32
30
24
32
29
27
39
42
38
34
31
22
45
39
29
39
19
28
29
31
35
24
30
30
35
22
30
25
28
33
31
26
24
32
33
34
31
28
27
33
25
29
29
32
27
45
33
30
31
35
43
26
34
38
32
19
37
22
33
34
40
37
37
26
30
38
30
32
28
28
34
30
32
32
36
23
31
36
32
33
37
30
31
42
28
31
31
26
27
31
29
37
28
42
28
34
24
35
22
24
25
35
29
25
29
32
40
24
17
24
33
39
38
34
31
31
27
32
36
37
32
36
27
32
23
33
46
30
36
36
33
25
27
22
31
30
35
25
34
30
32
25
26
34
38
33
36
31
35
42
32
34
29
30
27
25
29
26
31
33
35
35
35
31
37
30
33
32
31
31
25
