11
14
15
14
9
16
10
9
16
8
15
15
12
16
13
14
23
9
21
18
8
13
9
22
22
10
12
15
12
19
19
14
14
18
18
11
12
13
16
11
21
13
21
11
14
17
15
17
12
14
13
16
16
19
14
13
14
12
14
17
10
12
14
13
13
14
13
11
25
16
15
22
17
10
24
12
14
20
9
11
16
14
11
18
12
14
22
21
12
17
9
15
18
13
12
14
16
14
19
9
10
16
11
20
15
16
15
14
14
13
7
13
15
13
14
18
16
14
18
15
17
14
18
7
14
10
14
14
14
13
15
17
14
14
13
8
15
10
15
18
9
15
26
16
21
9
19
15
13
11
26
14
11
19
22
14
20
14
14
15
14
10
18
21
18
23
9
13
15
12
16
16
17
21
15
14
9
11
19
16
16
13
18
13
13
8
11
13
13
13
15
14
11
18
16
13
13
21
13
10
18
18
16
19
18
13
12
13
10
16
15
11
16
15
10
14
10
16
12
13
10
13
23
18
18
9
20
14
11
27
17
13
26
10
8
16
15
13
19
9
12
12
11
17
16
13
19
12
10
14
18
13
14
16
13
15
18
16
10
12
8
15
23
13
11
14
12
15
16
9
17
10
13
18
10
15
11
14
18
20
16
13
19
10
17
17
12
17
21
15
11
14
16
11
14
9
14
15
13
8
14
9
15
11
11
9
24
12
15
11
8
14
10
14
24
9
9
17
16
12
19
16
11
18
13
16
16
16
12
15
10
11
14
13
14
13
16
14
23
12
11
17
11
13
19
9
8
12
9
17
12
9
9
22
12
19
12
17
13
11
9
15
11
17
23
16
12
9
13
11
15
13
15
11
12
19
18
12
9
25
12
13
19
17
10
15
13
11
16
15
12
11
15
13
14
17
12
18
11
17
17
13
21
15
10
21
15
12
24
6
15
19
9
14
18
16
14
16
12
15
11
16
17
9
13
13
15
12
10
15
14
13
17
10
9
14
15
16
17
10
12
18
10
15
9
12
17
13
13
20
11
10
16
9
9
19
17
13
8
12
9
17
14
11
9
10
13
9
13
15
11
12
13
14
15
14
19
14
16
21
11
21
11
15
18
7
12
14
16
15
11
17
12
22
10
12
20
14
15
13
10
12
11
8
13
16
7
13
20
19
9
17
12
13
14
14
15
14
16
17
14
14
15
12
16
19
8
15
19
13
11
24
16
11
18
10
13
15
14
9
16
13
12
14
22
13
16
8
14
17
12
16
21
15
11
15
15
14
12
18
14
15
15
13
18
10
20
17
10
29
16
16
20
13
11
9
10
14
13
9
14
17
9
13
11
10
11
12
14
10
15
15
9
9
12
12
20
8
10
11
12
9
14
18
11
20
15
11
11
7
12
11
8
19
24
12
15
14
17
18
12
14
15
11
9
15
14
12
14
12
11
24
13
12
19
18
7
22
11
9
10
15
12
23
12
11
13
14
12
13
12
13
18
15
18
12
15
9
14
10
9
14
13
14
10
10
13
11
10
11
15
13
12
11
11
15
13
10
16
11
9
12
15
14
22
12
13
22
12
9
16
12
10
19
11
13
16
19
14
21
8
15
6
16
13
13
11
13
15
12
10
