13
14
15
15
12
13
17
17
18
13
15
12
14
14
16
14
22
11
16
12
20
16
15
17
21
13
18
18
16
17
17
12
20
16
14
14
12
15
17
15
12
15
19
13
15
18
16
18
21
18
19
14
20
17
18
14
26
10
22
16
11
15
15
17
18
15
13
19
20
18
17
16
15
16
18
14
18
16
19
16
13
21
17
20
15
15
14
19
24
20
15
14
16
15
22
12
16
18
17
18
18
16
19
14
11
18
19
23
19
16
24
20
16
16
21
14
16
20
17
9
19
10
16
21
22
19
17
20
17
16
15
13
23
19
17
18
17
18
21
21
26
23
17
19
19
16
18
18
17
17
17
15
20
17
13
19
17
11
16
18
13
19
20
17
22
16
23
23
13
16
16
18
21
19
18
18
11
23
19
15
20
17
16
12
14
18
12
21
19
17
13
14
11
20
16
15
14
18
14
16
18
18
20
19
14
17
16
17
21
16
13
21
13
17
11
9
16
21
22
14
14
16
16
17
19
11
17
17
13
17
18
24
13
13
12
17
17
18
13
13
17
14
13
13
13
20
14
18
14
16
21
14
19
20
13
18
14
12
17
16
15
24
22
12
14
18
12
11
15
10
13
10
14
19
16
22
14
14
17
13
20
15
11
15
16
16
15
22
18
21
24
11
15
11
10
16
20
19
14
24
11
14
22
15
20
15
13
13
18
13
17
19
16
11
25
17
16
10
18
17
13
17
20
15
15
18
16
13
14
15
17
17
15
13
21
16
12
21
17
17
21
18
13
18
17
20
22
16
16
15
11
15
22
27
17
19
23
18
15
15
15
18
14
25
21
18
19
16
11
19
17
14
19
14
15
13
13
20
12
14
17
14
13
14
12
17
16
16
21
14
18
20
16
17
14
16
12
18
23
12
16
17
26
17
17
20
13
18
20
16
14
14
22
16
18
16
20
16
14
14
19
20
21
21
9
23
15
13
19
19
20
14
13
15
15
20
20
21
20
20
17
14
22
20
15
18
19
12
21
15
14
16
18
13
23
8
15
15
21
8
22
18
18
16
12
19
18
11
17
22
15
15
16
12
22
16
15
19
20
20
12
14
19
18
11
16
22
16
17
24
16
15
18
16
17
18
16
14
16
23
20
21
16
15
24
15
10
19
15
18
15
10
11
18
15
16
17
19
20
17
17
17
22
16
15
11
16
20
14
16
14
17
17
17
16
14
15
13
20
19
19
26
16
15
14
18
16
18
20
18
14
27
20
17
17
19
25
18
15
20
16
15
13
16
10
13
17
11
17
11
15
18
16
20
14
15
17
18
14
19
16
22
19
20
19
14
19
16
22
13
13
12
13
18
15
14
21
18
14
18
15
20
