8
9
12
15
10
19
15
18
24
17
17
15
10
12
18
5
11
10
14
22
21
19
28
21
14
24
11
25
24
15
16
22
18
19
20
16
15
18
14
12
21
17
18
18
18
11
17
14
18
17
12
14
16
10
13
17
15
12
17
13
15
16
17
24
15
16
17
13
15
27
16
15
23
11
12
29
17
12
25
16
11
30
13
13
15
13
15
13
11
13
21
16
18
12
13
14
21
16
21
16
17
16
14
13
23
14
13
24
9
15
25
11
14
17
19
17
18
13
17
18
18
15
22
10
12
16
18
13
23
14
8
15
9
15
13
13
13
18
18
15
11
12
28
11
14
34
12
14
22
10
18
25
19
11
18
15
11
14
11
10
25
9
13
14
14
14
19
14
12
21
14
11
20
16
17
18
9
11
22
22
9
17
17
11
26
15
21
21
12
28
7
18
18
18
15
25
14
15
23
12
15
18
15
12
15
17
15
23
12
12
15
15
10
14
9
10
21
16
16
17
9
9
17
18
21
16
9
21
12
12
19
15
18
20
14
11
24
18
11
20
12
21
21
13
13
18
13
14
19
14
7
16
14
12
18
14
19
21
11
17
18
14
12
23
10
19
20
15
18
15
16
26
12
11
27
7
20
18
11
14
22
17
15
15
13
20
19
7
22
17
15
21
12
15
17
20
11
13
19
11
23
16
18
18
18
18
11
22
10
7
23
16
11
28
16
14
17
16
24
20
16
12
14
12
12
15
15
15
14
16
31
18
11
16
17
21
14
14
7
16
14
12
22
9
13
25
13
18
16
18
13
19
15
20
16
13
10
23
19
18
24
13
8
19
22
13
17
12
18
17
15
23
12
12
26
15
12
24
13
76
64
13
7
9
14
40
19
17
18
22
15
15
19
18
19
11
20
17
17
13
12
14
11
17
23
11
18
17
16
20
17
17
20
17
14
21
19
14
32
16
8
25
17
18
22
12
16
21
14
16
17
13
14
20
9
13
22
16
15
12
12
12
18
10
10
8
12
22
14
16
16
12
12
18
15
13
19
23
14
21
10
10
20
10
14
19
11
18
15
15
14
12
11
8
25
4
15
19
9
9
20
18
10
17
18
15
16
20
22
8
14
28
15
13
25
10
19
26
9
12
18
15
7
24
17
11
27
11
15
20
11
12
14
11
10
19
15
15
19
21
22
18
19
12
13
10
18
18
13
18
15
14
14
15
15
25
17
16
21
19
14
24
15
13
14
10
10
24
13
19
17
17
17
25
13
14
29
18
15
23
17
17
23
5
12
22
15
21
9
13
22
15
16
22
19
10
28
15
16
19
17
14
24
13
16
17
10
15
20
11
17
16
13
8
17
6
13
23
10
9
19
19
10
21
10
12
14
14
9
19
14
7
19
12
19
18
12
17
11
