35
49
49
47
45
36
49
32
33
56
34
36
49
44
39
40
47
46
47
51
47
37
36
32
43
44
38
42
52
50
43
38
32
36
42
35
41
57
52
37
43
35
35
49
40
42
52
37
40
39
37
40
28
45
42
45
46
26
36
31
33
59
44
37
38
40
47
43
54
47
43
46
37
37
36
52
46
58
45
53
28
55
41
40
41
43
28
37
38
35
48
50
48
33
33
46
37
36
50
50
53
50
45
48
31
36
45
44
54
39
29
37
52
40
37
34
47
37
45
37
41
38
49
42
40
49
41
39
39
45
41
35
43
39
37
28
45
40
43
39
36
44
47
49
48
42
46
48
32
46
40
43
49
41
36
34
44
39
40
43
41
37
41
51
34
38
32
41
40
43
45
48
36
41
41
43
47
35
41
47
46
48
49
38
33
36
47
41
40
42
47
44
42
39
38
50
44
42
46
37
43
43
36
39
35
45
59
37
43
38
34
41
45
32
38
27
40
40
32
35
49
36
40
46
47
50
44
43
39
42
51
46
44
43
36
42
44
41
45
37
