11
14
6
8
21
11
12
12
11
11
21
16
15
13
14
16
12
8
16
14
18
12
15
9
20
14
17
21
11
8
17
9
10
19
12
17
13
11
11
14
8
14
20
13
16
18
17
13
17
6
13
18
17
13
19
11
14
14
11
9
13
9
15
13
9
13
8
13
20
16
16
15
13
11
16
14
11
15
10
12
17
17
15
15
12
8
20
8
10
16
10
17
25
16
14
21
15
16
20
15
25
21
15
17
18
16
24
8
12
19
10
19
15
12
10
15
15
14
10
16
16
18
12
18
25
11
16
20
8
14
16
13
18
13
12
10
11
11
9
17
10
16
14
6
17
18
11
19
12
13
11
14
16
22
15
14
19
12
12
15
11
18
17
10
19
22
10
10
24
8
13
14
15
7
17
15
10
23
12
17
18
15
13
11
17
25
11
15
24
19
15
17
14
16
10
11
9
20
13
12
8
11
14
17
10
10
14
15
13
23
8
10
20
9
11
19
9
12
20
17
14
17
13
16
21
15
16
18
14
16
6
15
20
11
14
22
8
14
19
13
9
19
15
14
14
12
4
27
19
13
20
17
18
21
10
16
17
21
19
16
9
10
19
13
12
15
7
19
15
15
18
18
9
21
10
20
20
18
11
23
8
11
21
12
11
14
18
15
18
16
15
21
26
12
12
19
12
15
12
12
17
11
20
23
22
15
21
18
10
17
21
17
14
18
21
14
9
19
14
11
24
11
14
26
15
16
16
15
10
17
20
9
16
21
24
19
11
15
20
11
17
21
13
15
20
16
14
22
12
17
14
14
22
12
14
22
15
12
29
21
13
21
16
11
30
15
10
17
9
20
17
18
14
21
15
16
21
10
10
18
14
12
17
14
15
25
12
11
26
17
16
15
21
18
20
12
26
24
18
22
11
15
26
16
18
23
12
20
21
11
12
20
15
18
20
11
21
20
19
23
24
19
14
23
12
15
16
23
15
20
18
29
17
17
19
14
12
26
20
16
23
14
17
25
12
17
24
20
14
25
12
13
21
8
19
18
14
15
28
10
11
25
13
10
14
16
25
20
19
10
18
20
15
15
16
21
14
21
14
24
25
28
8
16
24
8
12
22
15
14
24
10
12
15
9
16
18
15
13
17
16
11
18
14
11
22
19
17
15
12
11
18
16
16
18
24
21
18
15
17
20
13
22
13
14
27
13
7
25
19
10
36
17
16
24
17
12
20
16
18
25
17
16
13
16
16
20
13
10
16
14
13
26
15
18
23
10
14
16
20
17
15
15
13
19
17
13
14
18
18
12
11
20
15
21
23
16
8
30
11
12
24
10
13
21
12
11
9
15
13
23
13
8
21
16
13
17
10
10
13
10
14
26
10
17
18
14
15
14
7
9
18
18
12
19
10
13
21
13
8
14
12
21
19
10
16
11
17
22
13
9
18
13
12
24
10
10
25
17
9
24
