16
20
23
15
8
16
10
11
15
9
14
18
18
14
13
13
18
19
13
11
21
15
14
16
13
13
16
16
12
16
12
15
13
12
13
15
14
13
12
14
18
11
17
18
12
12
12
11
12
13
14
14
16
10
18
17
14
15
12
12
11
13
13
14
19
14
13
13
10
8
18
17
18
15
12
18
21
7
18
13
12
17
20
14
18
15
7
21
9
14
15
20
11
12
11
11
14
16
13
15
14
11
11
14
14
19
15
7
14
14
12
11
16
12
19
12
22
16
13
18
17
10
18
16
14
18
16
11
15
8
11
20
8
11
18
10
12
16
11
14
12
13
13
26
14
8
13
9
11
15
17
15
14
9
21
23
14
12
12
14
20
10
11
19
17
11
22
15
14
15
12
12
12
10
14
15
16
10
18
13
17
15
18
14
14
14
13
16
12
12
13
14
10
19
12
14
17
20
12
17
13
17
16
18
17
12
15
13
11
11
16
15
12
16
18
10
12
12
15
16
15
9
13
14
20
18
16
14
11
17
17
14
19
13
25
9
13
11
12
17
14
17
24
12
14
13
11
11
15
17
12
14
18
11
15
12
19
13
15
15
10
14
11
14
16
14
13
16
21
13
16
10
11
8
12
14
11
17
13
9
14
16
16
13
11
11
22
10
13
19
12
16
15
15
8
15
9
13
11
11
15
11
12
11
13
11
15
15
13
12
13
18
16
15
12
8
11
15
16
13
10
18
14
12
14
20
12
18
13
11
21
10
11
22
12
14
16
18
14
13
14
16
17
18
14
10
16
16
14
11
12
14
14
13
18
11
11
13
8
15
16
7
14
7
12
12
18
14
10
15
14
12
12
11
16
17
14
16
17
9
13
12
15
19
15
15
17
15
11
13
15
7
12
17
12
22
6
14
22
12
15
19
17
11
14
16
15
22
13
19
10
11
18
12
14
15
14
15
14
12
14
14
14
10
9
11
8
17
14
10
15
16
16
15
14
13
19
12
10
17
13
20
12
11
14
13
8
13
16
13
21
10
11
19
15
10
16
15
13
19
11
13
19
13
15
22
13
17
17
7
19
11
14
14
16
15
13
14
9
13
19
14
13
16
17
14
15
12
13
15
16
17
14
11
21
11
13
17
15
16
12
11
15
15
13
13
17
9
12
18
15
15
18
8
14
19
18
12
15
12
13
15
15
17
16
10
10
19
22
16
20
13
15
13
13
11
18
15
14
13
11
17
9
7
16
11
14
16
16
14
13
14
13
18
13
13
20
15
15
12
13
14
15
14
12
18
14
13
18
17
14
17
15
21
16
8
24
15
14
18
18
16
16
15
13
16
13
21
17
13
18
15
16
10
18
9
11
15
15
17
16
14
12
16
12
17
15
10
16
17
17
9
17
12
26
9
12
18
10
18
16
12
15
20
14
13
17
13
9
10
19
12
13
13
11
23
13
12
13
16
15
29
18
12
17
9
16
18
17
12
10
17
13
13
14
13
15
15
13
15
13
15
10
10
19
11
13
19
8
12
16
16
8
9
13
15
12
11
16
12
14
12
11
16
12
15
15
12
18
13
18
13
20
11
14
19
13
16
12
12
10
14
16
16
