12
14
17
19
11
14
15
16
17
11
10
21
14
13
18
11
18
16
16
16
22
14
18
19
14
15
23
16
14
13
15
16
17
17
13
17
15
18
19
14
16
15
16
19
13
16
25
16
18
14
12
13
16
13
15
13
12
16
11
16
13
12
13
14
16
16
19
14
12
19
18
19
10
16
11
14
18
18
18
14
19
22
15
19
15
17
12
14
16
12
20
12
17
14
15
13
13
17
12
12
17
14
15
13
12
17
17
17
17
15
20
18
12
13
17
19
11
16
14
16
14
11
12
13
15
16
11
14
16
12
22
19
14
12
15
18
12
15
15
15
16
12
13
14
12
10
14
16
11
15
20
11
17
16
10
16
14
14
13
13
17
20
10
17
19
14
18
10
16
24
12
18
13
17
15
16
8
14
14
16
18
19
14
16
13
15
11
13
18
13
13
13
11
12
11
17
10
15
19
13
14
17
15
17
20
19
9
14
14
18
17
14
23
20
15
14
18
15
16
21
16
11
18
14
16
19
14
18
13
14
13
18
9
13
13
13
21
25
15
18
13
11
19
9
16
14
15
13
16
17
14
18
19
14
11
11
16
14
13
15
16
10
18
19
13
17
23
9
16
13
15
15
17
14
13
15
16
10
17
14
17
19
8
18
20
12
17
20
13
22
19
12
18
13
12
17
14
9
17
16
15
14
13
16
15
17
16
17
15
10
16
16
11
16
17
15
21
14
16
13
12
12
12
17
15
17
12
12
11
17
15
12
11
16
10
18
22
9
14
24
15
15
18
12
17
11
11
13
16
18
19
18
15
15
19
20
19
12
14
15
18
18
14
14
10
9
18
11
14
17
18
18
13
15
24
20
17
15
19
11
20
13
15
19
20
12
15
20
12
18
13
14
19
20
13
16
16
17
19
12
20
17
16
17
17
11
17
20
13
15
15
20
19
14
14
24
17
16
20
13
13
16
20
16
29
11
18
13
13
15
15
18
13
13
13
10
16
14
16
17
20
9
18
14
15
10
10
15
14
13
16
23
15
22
17
12
16
14
13
24
12
11
17
14
19
16
15
12
15
14
11
18
11
13
21
14
13
14
14
15
16
10
14
14
18
15
12
15
11
24
20
21
14
12
15
19
12
24
15
16
19
11
17
17
18
16
13
20
19
13
17
10
19
16
15
15
15
17
15
13
10
22
11
17
13
12
11
15
16
18
16
14
13
17
22
17
17
17
12
13
11
18
20
18
17
16
15
19
18
16
10
13
17
9
14
11
14
13
12
13
12
12
19
16
13
11
17
14
12
17
15
17
13
22
19
13
13
14
13
17
8
20
19
17
13
17
18
20
21
7
12
16
16
15
22
16
13
20
18
13
13
17
12
15
14
17
15
15
15
20
14
12
13
14
12
20
8
11
15
13
15
10
16
10
16
12
10
14
14
13
11
14
16
19
13
11
19
18
18
14
12
19
12
10
17
16
14
22
14
14
17
18
15
17
20
14
