13
7
10
21
13
13
14
10
9
9
9
9
10
14
41
86
96
17
12
8
80
90
31
83
33
74
77
26
28
15
73
27
105
70
29
20
22
12
24
20
10
10
14
5
24
17
29
61
46
39
64
25
34
87
26
82
27
18
10
22
14
21
94
107
26
115
23
23
18
15
6
16
20
28
10
14
10
66
19
11
13
41
47
83
26
27
10
66
10
13
11
13
15
23
30
110
35
115
43
30
43
13
19
24
16
15
9
3
11
16
8
79
31
14
11
19
7
21
11
11
9
14
15
25
8
7
18
86
58
112
19
112
51
18
29
13
18
10
13
10
15
9
8
11
88
24
28
70
21
32
97
98
40
64
24
67
47
20
93
40
27
8
15
82
48
130
25
27
9
11
12
10
11
23
14
11
24
45
66
34
56
10
10
14
9
14
21
9
78
58
12
14
12
10
10
12
5
22
11
13
24
103
21
110
23
20
23
38
69
29
20
10
25
10
9
21
56
49
43
20
41
12
17
16
10
9
13
12
12
15
47
17
106
28
25
88
43
62
110
96
47
12
11
7
19
13
14
13
17
53
99
20
24
24
85
68
116
25
71
61
21
11
26
37
32
134
26
10
161
81
63
60
59
49
106
43
18
11
11
14
15
109
26
97
50
124
