8
11
10
7
9
8
12
13
7
14
10
14
9
10
38
52
75
46
50
63
11
49
54
88
17
84
68
62
83
71
109
46
84
77
40
69
62
55
18
97
29
101
87
22
13
10
15
12
15
10
38
92
76
26
11
29
62
61
22
13
54
16
118
47
81
90
18
68
23
152
42
13
69
18
82
34
10
10
75
21
14
19
10
62
14
11
22
66
13
14
48
47
58
38
119
47
22
62
19
21
35
47
75
60
18
100
84
28
40
100
39
118
32
17
12
9
12
10
8
10
12
14
8
9
9
11
13
11
11
10
27
81
80
20
16
10
15
77
78
28
69
64
25
19
24
28
42
47
69
15
12
35
7
5
9
13
4
10
12
14
8
11
6
10
14
11
47
65
89
20
14
9
12
23
22
14
13
37
7
11
13
8
8
12
15
10
7
19
12
21
9
10
11
10
31
17
36
68
20
5
9
25
44
82
118
38
98
22
18
22
51
8
65
85
39
24
12
15
10
11
9
14
9
11
10
17
13
10
18
82
95
93
66
37
19
6
14
7
14
11
13
13
10
7
22
7
8
8
8
10
14
15
8
8
8
10
11
7
11
8
17
55
92
23
16
26
11
54
40
83
25
81
39
16
17
8
10
10
11
14
35
56
12
27
67
88
28
125
96
104
43
68
32
14
13
14
14
8
12
8
7
60
