12
99
35
60
50
38
67
94
47
113
27
77
67
34
72
107
54
56
46
37
41
56
44
119
31
54
63
91
73
100
50
44
69
57
77
34
55
67
66
52
68
76
52
61
49
99
33
46
81
96
35
34
53
93
27
32
45
56
81
47
70
45
54
71
41
71
50
75
62
96
33
71
24
45
30
86
78
32
82
47
75
29
51
50
52
38
64
73
51
47
64
62
44
73
58
76
51
48
57
68
45
86
87
38
70
43
80
68
19
52
45
66
113
43
83
39
60
60
41
16
65
51
80
73
63
84
65
61
49
77
34
66
41
39
99
37
42
34
58
61
63
45
68
64
43
55
57
61
87
44
41
89
71
46
68
75
50
73
54
34
74
43
76
62
74
56
62
88
59
