7
15
13
14
11
11
19
12
11
11
12
14
17
9
12
15
9
14
11
15
15
12
10
11
18
9
19
8
17
10
14
13
11
17
8
14
13
12
15
17
14
17
13
11
12
17
18
17
11
8
12
14
13
11
13
13
12
17
14
15
12
11
16
18
16
10
16
11
9
15
19
15
11
14
16
13
9
6
15
8
11
10
11
14
14
8
10
16
12
13
8
10
15
14
7
19
16
15
11
12
11
9
12
14
15
9
13
13
16
15
11
12
16
14
10
18
11
11
9
16
10
13
18
13
11
14
13
8
11
13
15
13
13
13
13
11
17
7
14
9
12
10
16
16
8
12
7
13
9
12
15
10
14
12
13
15
10
21
14
15
16
13
12
14
10
12
10
13
11
11
10
12
11
13
17
11
16
15
10
13
9
13
12
16
10
12
12
14
8
19
9
12
14
11
16
10
13
9
12
14
14
10
14
13
12
15
8
6
21
12
6
11
11
8
11
8
12
13
11
14
14
10
7
13
13
11
8
14
11
13
9
10
15
11
10
11
12
12
11
9
13
12
11
13
11
11
16
12
11
15
12
11
7
15
12
9
16
15
10
11
7
12
16
13
13
10
11
8
13
13
8
8
14
14
10
8
12
15
9
15
14
7
12
18
14
13
14
14
8
16
15
10
12
11
15
3
8
10
10
11
12
20
11
12
11
9
12
8
12
10
11
10
13
11
8
10
13
10
10
17
11
14
17
14
9
15
14
14
9
9
15
11
8
5
6
14
14
14
12
12
10
14
15
11
9
11
13
13
18
13
10
9
13
11
12
12
11
12
13
15
12
14
12
13
10
15
11
8
9
10
10
11
14
14
8
9
13
9
15
13
12
13
11
19
10
14
12
8
12
11
8
15
14
10
9
9
15
12
9
8
14
16
15
12
9
12
11
10
11
13
11
11
10
7
13
14
11
11
10
18
17
12
12
14
13
14
17
14
13
10
13
11
15
13
12
15
9
13
12
14
14
9
14
11
5
12
10
11
9
10
13
13
12
11
11
7
12
10
9
10
17
12
12
13
11
15
10
9
9
9
6
11
11
12
7
9
16
11
11
12
14
11
11
14
11
10
15
9
11
12
10
11
12
14
15
12
8
11
10
13
9
11
15
17
12
12
12
11
15
11
13
10
10
11
14
15
5
16
12
14
8
7
11
17
10
9
10
7
14
9
8
8
14
8
16
17
14
11
15
14
11
9
12
12
12
14
9
10
9
8
10
13
14
14
12
10
14
11
14
10
14
14
9
18
10
8
14
15
11
10
12
9
11
12
14
12
8
8
13
15
9
20
14
10
12
9
13
13
16
8
11
11
7
12
12
14
16
13
13
11
16
13
11
16
19
9
7
15
12
9
17
14
9
6
17
13
11
16
11
13
11
15
16
13
14
15
14
17
14
15
13
12
21
12
16
15
13
9
10
19
22
11
9
18
14
16
13
12
11
13
9
11
11
11
14
10
16
12
9
10
13
17
12
13
9
12
11
12
7
10
12
16
10
11
15
14
8
9
9
9
9
13
11
11
8
8
10
13
12
12
9
13
10
7
12
12
12
14
21
11
10
11
10
9
7
14
11
14
12
12
12
13
12
14
10
13
15
11
9
11
17
14
9
11
12
11
8
13
11
14
13
11
12
12
15
12
12
8
14
7
13
13
14
12
11
10
14
10
12
14
9
18
17
11
12
9
17
9
14
9
13
9
10
10
13
13
6
8
13
10
16
10
12
10
10
9
12
18
15
9
13
13
10
15
10
14
12
13
14
10
11
11
11
11
9
12
13
11
12
13
14
12
11
10
14
11
7
9
10
10
9
14
12
13
12
22
11
6
16
11
11
12
11
11
11
16
13
14
9
