32
33
41
36
34
38
36
28
28
36
32
42
41
33
31
31
27
37
30
40
30
32
47
39
33
36
38
39
31
38
35
38
33
45
38
36
31
33
38
45
34
37
34
36
43
29
47
31
43
30
47
33
47
41
36
44
32
37
35
44
28
35
32
33
39
37
36
43
43
41
39
35
43
32
32
33
35
28
34
40
43
34
37
36
47
30
49
41
49
40
36
43
34
39
31
39
42
34
40
28
36
35
41
38
31
40
38
41
45
41
40
41
32
33
36
45
45
39
43
37
38
32
33
36
33
28
25
44
41
32
34
36
39
39
40
37
33
41
41
41
32
40
37
44
46
32
35
37
27
39
36
36
30
32
35
35
40
38
43
32
42
28
33
37
40
36
50
36
30
35
34
35
32
31
44
41
33
33
38
27
29
38
39
34
43
42
31
34
45
35
39
39
31
32
42
29
35
40
28
30
46
36
32
38
35
39
30
33
46
35
41
35
33
36
39
37
33
34
39
36
34
36
38
34
37
40
31
36
35
41
33
33
30
36
40
36
27
29
35
40
35
28
40
36
42
36
40
39
38
31
36
42
50
37
36
34
38
31
38
37
36
38
42
35
40
37
38
38
47
31
32
40
35
37
