19
11
8
11
16
9
11
10
11
9
10
8
14
20
10
10
11
11
10
12
13
12
8
16
13
11
11
10
13
6
12
15
14
19
11
9
15
19
7
16
19
17
12
12
5
18
11
15
13
10
13
11
8
17
14
11
10
11
8
7
13
10
7
8
8
10
11
10
8
8
8
11
7
12
10
10
14
12
12
12
21
11
12
13
21
23
38
14
9
9
19
8
10
9
10
9
15
12
13
19
10
14
14
9
10
10
11
10
12
11
10
8
15
7
16
9
7
14
13
15
9
9
6
12
10
11
5
10
10
13
10
12
15
13
8
9
12
12
9
11
12
11
9
7
10
8
8
9
9
6
12
12
9
8
17
10
17
15
13
10
13
13
10
11
19
8
15
9
8
7
13
10
10
15
12
9
6
14
7
11
8
9
8
8
9
8
9
8
12
12
15
12
8
9
10
12
12
12
6
13
10
10
10
9
8
14
5
9
14
13
15
10
13
13
12
23
10
9
16
10
13
13
14
10
11
10
12
15
15
6
11
11
11
10
10
8
8
11
11
14
14
11
9
8
11
12
11
9
14
9
10
9
13
7
10
7
9
4
12
10
10
9
10
14
12
13
11
11
10
11
11
11
9
16
11
15
9
14
9
11
13
9
13
15
15
12
14
8
11
14
13
8
9
8
12
8
4
12
17
13
12
12
13
12
14
10
9
11
7
17
6
11
10
6
11
9
8
9
7
12
10
13
11
8
12
10
11
9
11
7
12
12
10
10
11
10
11
10
9
10
10
6
8
8
8
10
9
11
9
13
10
13
10
13
8
9
7
13
11
9
12
10
8
7
12
10
11
11
13
9
8
14
10
11
11
10
12
13
7
10
9
6
11
11
7
12
12
14
9
11
18
6
11
3
8
14
9
12
9
10
8
9
12
5
9
11
13
7
12
7
13
8
10
4
7
6
5
11
10
10
13
10
10
6
16
7
11
13
8
6
9
9
8
4
11
6
9
8
13
10
11
3
10
7
12
9
10
11
21
7
12
7
7
13
9
12
6
10
9
8
11
17
6
11
7
16
10
11
10
8
11
9
13
11
10
5
9
11
9
11
13
11
12
8
8
9
12
6
14
8
9
9
14
14
11
8
7
16
9
15
7
10
16
13
11
4
16
16
9
9
11
5
16
6
14
10
9
8
4
15
11
12
8
6
9
14
10
11
11
10
11
11
7
13
13
11
14
11
11
8
14
8
10
7
15
9
8
7
11
5
8
8
9
8
8
8
10
7
11
11
12
8
9
8
10
12
7
12
9
7
11
8
15
13
11
11
6
11
10
8
12
12
15
8
7
8
15
7
13
9
14
14
12
20
8
6
8
9
10
9
9
8
8
15
9
17
11
17
7
11
9
13
11
14
10
9
12
12
13
12
8
12
11
19
14
8
12
10
12
9
16
11
13
8
10
11
12
9
9
7
10
8
11
5
9
7
9
7
12
12
8
9
9
12
8
10
13
10
12
16
9
10
6
18
8
13
12
10
9
9
8
13
8
10
9
10
11
6
11
11
13
15
12
9
9
10
10
7
16
10
12
16
14
10
9
19
7
17
8
11
10
17
6
7
10
9
14
16
12
16
15
12
6
10
10
9
10
14
9
14
9
4
8
6
11
15
13
7
6
11
10
10
7
14
18
15
10
15
14
16
16
13
9
12
10
11
8
9
10
8
9
9
17
13
7
4
10
12
10
11
15
10
7
8
11
13
14
7
6
12
9
11
10
11
9
10
13
11
15
11
8
7
11
15
15
7
13
8
11
10
16
13
12
12
13
9
9
17
24
16
9
10
14
8
9
8
10
13
11
16
10
10
9
12
9
12
5
11
17
7
11
14
14
13
9
13
12
6
10
11
9
7
8
10
13
8
10
11
16
10
16
7
7
14
10
10
10
11
8
16
14
18
17
11
10
13
15
13
12
13
11
12
11
10
11
9
13
13
7
14
8
14
10
10
8
13
12
4
8
17
14
10
10
12
10
9
11
9
11
9
15
8
5
10
12
13
13
12
11
11
11
14
11
9
12
11
10
9
11
7
18
9
11
14
6
9
13
12
13
10
12
12
10
11
15
11
6
12
