11
14
14
13
11
13
13
10
11
12
7
8
14
12
13
14
10
15
13
12
13
12
7
12
9
8
12
9
11
16
11
9
19
11
12
13
14
17
10
11
15
10
12
11
11
13
10
10
10
15
9
12
9
10
15
14
14
11
15
14
11
9
11
11
19
8
12
20
15
11
12
14
12
15
10
10
13
13
9
10
12
10
15
14
7
12
11
11
8
15
9
7
15
11
18
14
14
14
10
16
12
13
9
10
17
12
12
14
12
15
12
11
9
12
10
11
11
9
16
14
15
13
8
12
10
13
16
12
11
11
13
14
12
10
11
11
13
10
13
16
7
12
8
13
12
17
19
11
10
11
13
14
16
10
12
10
16
12
16
10
9
15
12
10
8
14
13
15
13
8
11
11
10
10
13
11
11
11
17
12
12
14
12
14
12
13
16
18
13
11
10
10
15
12
12
15
16
13
15
11
11
15
7
16
16
12
12
15
8
12
14
9
11
16
9
9
13
12
9
13
14
12
12
12
11
12
14
15
13
11
12
13
10
15
10
10
15
12
12
12
10
10
16
12
12
11
10
14
11
18
19
13
9
14
16
9
17
8
10
9
13
16
12
12
11
11
8
11
12
13
12
11
9
11
10
19
14
7
9
15
9
9
14
20
12
14
11
12
16
12
14
10
14
14
9
12
6
8
15
9
7
15
12
12
14
9
7
10
12
16
7
15
20
10
12
10
12
13
13
13
9
13
12
14
16
9
13
18
16
15
11
13
15
16
10
9
17
14
15
13
14
6
13
14
15
16
12
13
11
7
13
9
12
11
10
12
9
14
12
13
16
11
10
13
12
12
9
7
9
11
14
9
13
16
7
9
13
13
15
15
11
14
11
9
11
18
14
9
11
12
13
14
10
9
9
9
11
10
12
13
11
11
9
14
7
15
9
11
13
13
12
14
10
12
14
11
11
12
9
14
12
14
11
10
16
10
11
14
16
13
10
13
10
13
8
15
20
14
12
14
11
15
11
16
18
17
12
12
10
10
9
12
8
10
14
13
13
11
12
13
11
11
7
12
14
8
11
18
13
16
10
18
12
14
15
10
9
9
14
24
16
10
14
14
10
12
10
10
11
14
9
12
8
14
12
13
10
10
9
10
13
11
13
8
13
14
12
13
7
14
14
14
15
13
14
22
12
16
10
14
12
12
8
9
11
9
14
15
11
7
11
8
9
15
10
11
8
14
15
11
11
11
16
12
12
10
14
14
14
8
12
8
18
10
9
9
14
14
9
16
17
15
18
14
15
12
11
13
14
14
10
15
11
14
14
9
10
13
15
11
12
13
17
8
12
7
13
14
15
12
12
9
13
13
12
16
12
13
14
11
15
12
12
13
9
17
9
12
17
13
13
12
11
9
10
12
14
10
10
14
12
10
9
14
11
12
14
11
13
13
17
10
11
12
12
11
7
8
11
14
14
10
13
13
15
12
15
12
13
13
11
7
13
12
14
9
11
9
13
8
8
15
12
14
12
14
15
13
9
9
6
17
13
9
11
13
11
15
16
13
12
10
11
9
13
14
15
8
14
15
15
15
10
17
11
13
13
12
11
13
15
11
11
9
14
9
12
6
8
10
12
8
12
13
12
14
18
13
12
12
13
13
20
12
10
12
10
7
11
13
10
10
10
9
13
11
10
16
10
8
13
16
12
11
16
15
10
14
11
11
12
8
7
11
12
11
14
13
9
15
11
15
13
11
12
11
19
11
9
13
13
12
17
12
11
5
12
9
11
8
13
10
11
10
23
14
7
8
9
10
15
12
13
8
13
20
13
18
9
12
11
14
18
13
11
13
17
12
14
12
5
13
9
13
10
8
11
14
9
13
10
10
10
12
11
10
