28
23
21
27
22
32
25
28
24
23
24
35
31
24
37
28
28
25
29
26
28
23
33
30
27
24
29
22
31
24
37
25
25
26
25
22
35
23
27
24
34
26
30
21
28
33
20
30
23
25
33
25
28
25
29
27
27
27
31
26
20
28
26
27
26
26
29
23
31
33
29
28
39
34
23
34
38
29
28
28
24
27
31
29
33
24
31
32
19
26
30
35
30
24
32
23
33
27
21
33
33
41
22
22
25
21
27
22
31
28
34
25
26
28
28
24
30
23
22
28
28
35
25
22
28
25
25
24
31
24
32
21
27
25
42
45
30
32
31
23
19
34
22
25
27
22
27
31
43
24
19
20
29
31
31
32
29
33
26
31
28
21
33
30
20
28
31
26
28
35
32
31
32
37
28
26
27
25
33
30
24
23
24
27
26
35
29
25
26
30
25
30
27
24
22
21
34
30
35
23
22
29
29
32
34
19
23
27
27
28
28
20
31
26
24
23
25
36
22
22
26
22
31
27
29
31
22
29
28
30
25
30
30
29
31
22
29
25
24
21
33
27
28
32
21
24
29
30
26
32
28
22
26
32
27
26
28
38
42
29
31
29
28
42
24
33
19
21
27
24
24
30
28
25
35
35
23
26
31
36
26
27
33
25
25
23
23
29
34
23
33
38
24
27
32
31
28
34
33
26
31
33
28
30
27
28
25
30
27
29
32
30
25
29
31
30
19
27
29
26
25
29
21
28
27
36
27
24
23
43
29
34
26
32
27
25
23
29
25
28
31
25
25
22
31
27
31
27
28
25
24
28
25
25
25
22
29
29
28
31
