17
18
19
24
12
15
16
15
12
16
19
15
20
11
14
15
14
13
22
21
18
16
24
18
14
15
17
12
17
16
19
16
15
21
21
16
17
18
19
17
24
20
14
16
17
16
20
15
15
11
11
13
14
14
18
14
20
11
14
21
14
13
12
14
18
15
17
20
16
19
13
14
14
15
13
12
16
13
16
18
12
17
14
14
9
12
18
10
13
15
19
12
17
21
17
14
11
16
14
15
10
14
14
19
17
15
15
20
24
12
14
17
22
14
18
16
13
15
21
13
19
18
9
13
22
12
14
17
14
21
15
15
14
16
19
17
10
14
20
19
14
16
20
18
13
14
11
9
14
16
12
22
19
21
12
15
12
15
14
18
11
13
19
9
10
24
15
14
10
13
15
14
17
18
15
14
16
14
12
17
14
16
28
12
17
18
21
18
13
13
12
15
11
14
11
17
13
20
12
15
21
15
12
17
16
19
14
14
14
17
17
20
14
17
18
17
11
24
19
18
17
16
21
10
18
13
21
14
17
10
22
16
15
15
16
17
12
18
15
13
18
14
11
19
14
14
11
10
15
13
17
18
14
15
13
13
18
17
12
18
23
19
14
13
17
19
14
18
13
17
12
16
19
9
14
16
17
17
20
12
15
20
15
16
14
22
13
16
18
14
15
21
11
18
20
12
13
14
15
18
25
26
16
22
15
20
18
14
18
11
18
21
13
14
15
13
14
14
18
12
15
12
19
15
15
14
17
13
13
16
16
18
18
16
17
18
20
16
15
12
22
12
16
13
15
23
19
10
14
18
12
15
18
18
11
12
17
17
15
17
13
18
21
15
12
13
9
20
15
19
16
16
15
15
13
14
16
15
19
18
19
16
17
16
14
20
18
20
15
17
15
19
21
11
13
14
15
20
20
15
17
17
16
20
17
19
15
14
19
12
17
16
16
13
11
11
16
16
11
16
15
12
13
11
14
18
22
16
14
20
13
19
14
19
17
11
17
17
15
17
13
13
20
14
14
14
18
12
14
16
12
16
16
19
15
17
9
12
19
20
10
14
15
16
14
18
12
13
25
13
20
15
14
15
14
23
14
21
11
10
19
15
14
8
13
16
14
12
20
17
18
13
21
18
13
18
13
15
12
13
20
16
12
13
17
15
15
15
18
20
22
17
13
21
14
10
19
10
16
12
13
16
15
14
17
14
24
16
17
17
17
20
15
10
17
17
22
11
15
15
14
13
16
17
17
15
21
12
22
10
15
17
19
12
18
12
10
14
13
12
15
13
18
17
14
17
20
15
17
15
20
27
21
18
9
15
13
15
18
17
15
13
11
13
18
13
19
24
18
16
20
18
15
19
15
13
13
16
18
16
18
15
13
16
21
19
20
15
12
17
14
9
16
12
15
15
15
17
20
10
19
12
16
15
12
19
16
18
12
18
13
16
24
15
12
