16
13
22
17
16
10
17
13
19
18
14
17
14
11
17
16
12
16
8
19
18
15
17
19
14
18
18
18
15
14
13
20
19
20
13
13
17
14
14
18
22
18
21
15
16
17
13
14
17
19
18
22
12
11
14
16
14
17
23
17
19
15
12
20
15
18
15
13
19
17
13
10
16
17
17
19
21
14
20
20
18
16
16
16
12
19
15
15
21
16
17
10
18
24
19
23
17
22
11
26
23
22
13
16
19
17
16
19
17
15
18
15
16
13
19
9
19
14
13
20
17
14
13
14
17
18
16
18
15
14
16
11
18
15
17
18
20
17
9
15
18
13
16
19
15
12
11
16
22
23
9
10
18
18
14
17
19
15
16
21
15
13
15
19
12
13
18
20
20
22
15
14
16
10
18
12
23
14
13
15
12
18
16
11
28
16
11
16
12
14
18
14
22
14
19
15
18
21
17
20
15
15
18
20
16
12
18
12
10
16
26
17
14
17
21
22
18
20
16
17
11
20
18
14
16
15
11
11
17
16
18
14
17
17
11
18
15
12
19
18
19
10
11
13
18
12
16
15
16
13
13
16
15
17
16
17
12
15
12
25
17
17
17
16
15
17
18
18
19
14
19
15
17
11
20
15
15
13
17
18
21
14
16
14
15
16
15
16
13
15
9
14
14
14
18
15
20
15
19
23
15
13
13
18
21
14
18
18
16
17
20
17
12
12
15
22
15
15
17
17
12
19
17
16
13
16
19
20
14
18
15
16
17
12
21
11
15
16
18
12
16
15
20
19
17
16
15
17
21
16
12
11
13
20
16
18
19
18
18
15
19
19
19
15
21
18
13
17
12
22
18
14
14
22
15
14
15
17
19
15
22
16
11
14
18
15
16
17
18
11
13
11
13
15
16
13
13
15
12
12
12
12
18
22
22
12
17
17
15
13
15
22
19
20
22
13
16
16
19
17
16
13
16
21
15
20
20
13
21
22
15
20
15
17
14
19
14
13
16
16
14
16
17
16
19
23
20
15
18
13
16
15
16
25
13
19
12
13
16
13
18
13
18
16
17
14
15
16
12
11
12
17
17
15
15
18
14
15
14
12
16
15
12
16
20
12
11
20
14
15
16
23
17
14
25
22
17
11
15
17
12
17
17
14
15
20
15
19
10
14
15
12
26
15
17
18
16
19
13
16
15
15
12
21
12
11
14
11
19
14
13
18
16
16
16
20
18
19
11
12
16
20
14
20
13
12
21
18
14
20
12
20
24
19
23
19
9
17
18
14
27
14
14
12
17
25
16
14
22
15
13
21
16
14
21
16
15
10
12
18
9
19
13
16
11
19
17
18
13
17
20
13
11
21
10
15
12
14
18
9
18
20
15
18
21
22
16
14
15
13
19
10
10
18
11
23
12
13
21
14
