12
13
13
16
17
19
13
17
12
13
17
11
18
17
9
15
16
14
20
15
13
16
13
16
20
14
19
10
17
19
15
8
13
13
19
13
13
13
11
12
19
16
16
11
20
14
18
13
12
26
20
13
15
8
19
17
11
12
17
8
11
18
13
13
13
6
21
20
9
14
9
11
13
15
15
17
8
16
18
18
17
17
13
16
14
12
14
17
8
15
11
19
11
10
17
16
20
18
13
18
14
21
15
11
11
15
9
14
13
17
16
15
18
15
18
14
14
9
16
21
14
17
14
16
15
16
12
25
9
16
17
12
15
13
19
15
14
11
15
10
14
14
14
13
10
12
12
14
13
13
12
17
17
16
15
12
15
16
11
12
13
20
16
15
10
13
14
15
19
17
12
16
13
17
15
15
14
15
18
9
14
17
11
15
10
12
21
13
9
9
14
15
16
19
15
20
12
15
13
16
20
16
16
9
19
12
16
14
13
11
12
17
15
13
16
10
13
13
13
15
9
17
16
11
15
7
13
17
13
11
13
11
15
12
15
7
17
13
15
12
15
15
17
14
12
15
15
12
13
8
11
17
20
14
15
17
20
14
15
14
14
14
17
11
17
11
13
13
14
15
20
18
12
14
13
14
17
16
9
11
13
14
19
14
15
10
11
15
14
13
16
16
14
12
16
14
11
16
11
12
18
16
16
11
15
11
16
10
20
13
14
14
18
9
14
12
18
11
10
11
14
14
11
18
10
15
14
18
14
11
15
12
11
15
13
13
10
14
14
14
14
15
15
11
17
14
12
11
14
13
16
18
20
13
14
14
17
12
18
13
16
23
16
16
14
18
15
14
12
15
11
12
22
12
18
14
12
15
18
12
16
11
13
11
17
13
10
14
15
10
13
16
14
19
11
10
11
17
16
9
13
12
14
14
10
16
14
15
15
15
11
13
12
16
16
16
15
15
15
13
19
14
12
15
17
15
18
15
15
15
14
11
15
7
17
16
17
15
22
10
18
13
14
15
13
11
7
14
18
11
15
17
12
12
15
13
13
9
10
14
18
14
21
14
13
16
16
14
12
16
13
11
13
12
13
11
19
15
12
13
15
17
14
17
14
9
9
15
16
10
13
13
13
18
14
16
17
17
10
12
15
12
18
17
12
11
9
16
13
13
10
20
19
11
13
16
18
13
18
13
16
13
14
20
14
15
11
25
14
15
16
13
9
12
11
15
11
17
17
12
11
12
12
17
8
14
17
14
6
15
15
16
12
11
7
15
12
17
16
15
14
10
13
11
15
13
17
14
18
15
10
11
13
16
14
11
12
17
15
13
15
16
11
14
15
13
16
12
13
13
15
21
15
13
18
11
14
15
16
16
12
16
9
10
12
16
8
13
8
14
16
15
15
14
16
14
12
12
15
13
18
13
18
9
12
16
12
16
20
15
16
13
17
14
10
14
14
17
19
13
15
17
10
10
14
15
10
19
12
13
11
12
12
13
16
13
18
12
14
17
21
14
15
14
10
12
13
17
15
12
13
14
9
14
14
18
9
13
12
16
14
14
13
19
16
17
17
12
15
14
11
15
14
14
19
13
16
12
20
10
15
13
10
17
12
8
15
