19
15
15
14
15
13
13
18
12
14
18
24
16
14
17
17
21
17
18
16
21
13
15
20
18
20
18
13
22
13
19
14
21
14
14
15
12
20
27
15
10
15
14
17
15
16
14
15
14
16
17
22
16
19
10
15
15
15
16
15
15
15
14
14
16
17
14
19
13
12
21
16
17
14
16
20
12
20
14
16
14
18
17
17
14
16
15
14
15
16
20
16
18
17
18
22
18
10
17
20
16
11
26
11
14
13
14
15
22
20
18
13
7
20
14
20
15
17
17
18
16
18
12
16
17
15
20
14
12
18
16
15
24
12
14
17
19
24
12
11
12
16
15
17
15
13
16
11
19
22
9
15
18
15
20
18
18
16
18
12
16
23
18
16
16
14
15
20
19
17
15
16
15
17
9
17
14
15
13
15
13
9
15
13
18
13
14
20
19
13
14
22
16
20
20
11
17
23
10
21
15
14
22
15
19
14
18
17
20
14
14
15
17
13
17
9
18
13
19
15
19
14
22
14
22
20
14
15
12
15
16
12
11
19
12
12
14
24
12
14
17
14
12
14
17
13
19
18
12
11
16
20
14
16
16
16
14
15
17
18
15
17
19
16
22
22
18
12
17
25
20
11
14
26
18
22
21
19
10
18
14
20
12
17
19
16
12
16
15
17
10
15
16
16
14
12
13
16
18
22
16
19
17
13
17
12
20
17
14
22
12
11
9
13
15
16
22
21
18
15
15
14
14
11
17
17
15
22
15
15
15
14
9
16
19
16
14
14
19
19
10
16
17
17
12
14
15
21
15
18
19
20
18
20
15
19
16
15
16
20
16
20
17
23
16
24
17
16
14
12
17
18
15
9
14
18
22
15
14
13
18
18
18
15
20
16
15
18
15
14
18
16
13
9
14
14
11
14
13
19
16
11
18
18
13
16
19
11
19
13
17
16
18
14
15
15
15
15
16
12
22
13
10
18
11
16
20
19
11
13
14
19
15
13
11
22
24
18
20
15
14
16
15
18
21
18
18
15
19
19
21
17
20
21
13
18
16
11
11
20
14
19
17
21
21
8
12
12
15
16
12
17
17
15
18
13
14
11
14
13
10
14
13
17
17
12
12
20
13
11
14
18
15
12
21
8
15
15
14
16
18
16
15
14
16
16
18
16
14
16
14
11
12
13
20
16
15
21
18
15
16
10
14
19
11
13
20
9
16
10
9
14
11
8
13
15
28
14
12
15
14
11
13
20
23
16
14
11
20
18
20
18
17
15
18
17
18
22
15
12
14
14
13
15
18
15
12
14
18
13
14
14
12
14
17
17
21
14
13
15
15
15
15
19
13
14
15
13
17
20
17
13
16
15
11
12
18
11
15
22
26
18
18
15
20
16
11
13
23
14
13
15
21
17
16
16
18
16
12
17
12
17
17
15
15
16
13
13
18
15
