26
23
25
26
17
34
17
20
23
21
22
15
30
15
22
29
24
16
23
23
29
27
20
16
20
16
30
15
16
23
22
17
17
20
25
18
20
29
14
26
31
26
19
29
26
26
27
25
27
26
19
16
24
26
18
15
15
11
31
27
22
25
23
23
17
27
29
25
27
20
26
15
27
19
14
29
30
18
24
18
20
24
15
22
29
23
32
22
22
15
22
24
20
18
16
20
25
22
24
21
19
22
25
30
18
21
23
31
19
20
22
16
22
35
24
23
21
25
24
33
20
20
16
22
30
28
20
26
24
33
30
26
19
22
23
28
27
26
24
21
21
25
25
21
26
28
29
26
17
26
27
26
16
24
21
29
24
32
20
17
20
19
21
33
23
21
23
21
31
26
28
27
22
22
24
16
26
15
18
34
24
26
22
20
35
24
26
22
22
17
35
19
20
21
14
18
20
21
24
20
16
28
22
22
25
25
26
31
27
21
19
29
21
25
27
23
30
22
26
21
17
20
18
31
26
24
21
21
15
24
21
25
24
25
22
31
22
32
24
22
12
25
17
33
28
14
24
19
27
21
21
30
14
20
18
19
21
24
22
29
15
13
21
26
21
28
20
24
25
23
20
30
26
29
18
28
27
20
28
31
19
31
16
26
33
23
17
22
25
25
17
33
30
32
26
28
23
25
26
22
27
22
26
41
20
23
27
25
21
38
29
40
26
18
26
26
24
32
23
38
16
32
25
25
24
15
21
28
22
30
31
29
18
30
25
32
26
28
28
35
35
24
19
24
29
25
26
27
31
16
27
13
26
20
31
22
20
19
25
22
26
26
28
22
17
17
16
33
25
29
23
32
23
33
26
27
24
22
18
18
22
19
23
25
18
30
25
31
28
27
24
25
24
22
25
23
21
31
25
29
24
20
18
29
35
29
38
26
34
23
24
28
21
14
18
29
16
22
27
21
27
