33
36
61
31
48
34
35
45
40
37
35
49
42
47
28
35
47
41
38
32
55
34
39
38
33
36
33
43
52
36
43
36
32
46
32
45
38
25
24
32
35
42
38
33
40
34
44
32
45
37
32
28
31
43
62
35
41
48
39
44
32
46
45
29
33
29
49
51
36
34
40
33
38
33
34
44
40
55
44
39
39
40
42
30
38
34
30
30
33
42
40
42
38
47
40
34
44
44
31
37
41
50
32
59
38
42
43
46
29
44
51
38
40
38
36
45
58
51
40
47
34
33
46
31
40
46
35
25
43
40
50
40
34
44
34
38
36
39
43
28
56
27
39
38
37
49
41
52
31
41
45
26
42
43
48
51
26
49
60
52
30
33
40
35
56
34
32
36
38
40
50
36
41
49
41
36
40
31
33
45
36
39
41
47
36
33
52
32
36
41
44
39
34
43
57
47
51
51
35
66
35
42
39
41
34
50
28
39
38
32
43
29
42
38
32
40
46
36
64
41
42
43
40
43
31
49
38
51
33
39
51
32
38
35
45
43
53
46
42
40
48
44
34
40
40
45
46
35
60
58
