23
19
21
17
13
21
17
19
18
20
16
18
23
18
24
19
21
24
17
22
19
18
14
22
14
17
25
16
23
20
16
22
25
11
20
23
19
24
20
19
14
20
11
16
16
19
15
17
18
17
24
16
15
17
22
15
17
18
19
20
22
29
18
22
13
10
15
14
16
17
17
15
18
12
21
21
19
14
17
13
15
24
19
17
19
14
20
15
20
20
21
14
20
15
14
23
13
17
19
21
28
29
16
14
17
15
23
20
12
20
22
20
18
16
16
19
26
17
18
16
22
20
23
13
20
14
12
16
19
16
19
23
12
19
17
27
19
20
18
22
13
15
24
30
21
21
13
15
25
22
16
20
23
19
16
19
11
29
18
23
22
27
21
20
17
30
17
15
13
21
17
22
14
23
16
22
16
16
16
16
12
15
15
12
29
22
20
22
19
12
14
18
21
20
17
17
14
16
23
20
20
23
15
21
16
30
17
31
25
16
19
12
23
22
22
22
16
30
25
23
22
12
18
17
28
18
26
16
15
16
23
16
30
17
19
18
26
20
20
17
25
18
19
14
19
20
23
19
18
22
28
14
23
21
19
20
14
23
22
19
19
24
12
15
15
18
18
18
20
17
27
23
19
19
16
24
14
15
18
12
16
16
15
13
22
23
19
22
18
21
17
15
18
14
26
20
15
12
29
17
24
21
30
24
23
16
21
26
23
30
20
22
28
20
18
18
15
19
28
25
29
22
11
19
16
20
14
25
25
25
18
20
19
18
27
14
20
18
18
23
24
18
26
21
21
25
31
21
27
28
18
19
16
26
29
29
26
25
34
16
32
30
18
25
20
28
26
20
15
26
25
21
18
22
19
23
31
25
19
19
25
26
25
20
13
26
13
25
22
18
20
26
31
28
31
32
26
17
16
23
16
23
15
18
21
27
23
30
19
21
17
16
18
24
24
18
24
30
14
17
20
25
38
23
27
28
19
25
20
28
30
27
25
25
21
20
13
23
17
22
26
18
21
17
26
13
21
18
32
31
14
22
28
23
18
19
23
22
24
24
24
20
11
17
20
25
16
19
17
23
27
29
22
19
22
21
19
20
28
19
16
16
23
17
32
16
31
21
21
26
28
37
31
27
