32
18
27
12
29
18
19
21
23
30
25
23
22
26
23
30
27
25
26
22
39
22
37
29
22
18
23
23
27
29
19
20
28
15
22
18
18
22
25
20
17
19
21
33
17
29
43
27
30
36
24
22
16
15
24
25
30
30
24
31
22
40
27
31
27
21
22
28
17
33
24
20
21
19
20
27
26
32
20
26
14
23
28
22
27
26
17
30
22
29
22
19
29
21
26
29
14
27
32
26
35
25
29
20
22
20
21
34
22
21
30
25
19
20
32
29
23
19
25
28
21
25
24
22
24
29
17
25
19
20
27
24
29
19
24
25
25
28
26
27
25
23
31
21
28
32
24
25
27
34
24
28
31
23
23
17
12
31
34
30
25
20
34
26
37
21
31
30
23
26
35
28
25
28
35
20
28
22
22
24
21
29
18
20
22
28
29
23
27
23
20
26
20
28
23
26
18
29
22
22
25
31
26
20
26
28
30
25
23
26
20
19
29
31
21
31
30
30
22
23
26
35
27
21
24
21
29
27
32
15
26
18
17
29
17
23
22
23
31
24
22
31
29
13
31
26
28
36
17
20
11
25
33
18
22
24
27
25
37
27
25
25
22
13
37
17
33
20
46
29
19
30
23
22
38
41
32
19
32
33
31
39
25
30
26
36
24
26
18
35
36
30
47
22
28
35
16
23
38
31
23
37
41
38
36
28
35
34
17
37
22
31
30
17
41
29
39
31
30
26
31
34
38
33
46
29
28
33
17
23
37
33
41
42
37
36
20
26
32
27
27
21
28
24
21
35
22
38
26
40
35
22
29
30
17
31
31
34
37
23
32
25
19
23
20
31
39
21
36
28
33
25
29
41
24
26
24
21
36
34
