36
35
32
20
20
22
28
32
30
28
21
27
39
27
25
36
26
25
35
25
34
40
33
27
26
39
32
30
28
41
36
31
27
31
21
33
38
40
31
28
26
46
28
20
22
32
41
31
26
18
26
28
30
24
17
23
26
20
31
27
27
20
27
23
45
42
36
35
24
26
23
26
24
23
38
31
23
22
33
33
42
30
35
25
45
28
29
39
42
33
24
31
24
36
27
22
35
31
25
32
35
27
18
29
30
39
24
27
21
26
25
31
23
41
38
37
31
41
41
35
18
32
33
33
44
24
30
28
25
38
21
23
40
20
29
41
38
50
49
34
32
27
33
39
31
30
36
38
31
48
35
28
49
31
35
39
24
30
35
34
21
27
33
39
21
29
35
21
37
29
31
32
22
34
30
27
34
27
29
32
26
25
23
20
28
31
31
28
25
38
28
23
26
22
29
28
35
21
33
40
33
32
33
32
27
28
28
23
29
33
33
25
35
27
36
29
36
27
30
23
36
30
36
22
40
26
26
24
27
30
20
21
26
25
28
34
28
37
35
32
43
22
28
27
27
34
48
35
24
30
57
22
24
25
32
34
25
31
22
49
42
27
34
26
32
36
32
34
43
48
38
22
31
30
45
28
34
30
37
32
27
42
21
37
33
29
30
19
33
25
21
27
21
44
47
26
42
31
27
31
27
26
33
35
35
27
35
27
29
27
33
29
20
34
16
48
22
30
31
32
53
30
26
38
25
24
21
