29
20
14
18
15
17
21
24
17
18
17
10
20
22
17
23
18
16
14
15
15
20
17
14
19
15
17
22
12
21
19
16
17
23
15
17
18
12
19
20
12
14
23
17
21
22
12
16
10
18
16
29
23
24
12
19
15
18
31
25
24
24
18
19
18
18
21
17
21
17
16
15
17
26
20
16
18
12
19
21
31
12
24
12
17
19
21
14
19
21
17
16
21
15
18
16
19
20
11
10
18
22
33
24
22
16
15
20
19
20
21
19
18
16
17
17
18
22
17
20
17
12
11
28
17
18
15
16
18
17
19
16
18
16
20
14
11
20
28
16
20
15
22
21
14
28
22
16
9
23
15
15
20
14
26
19
23
24
27
24
19
20
27
13
15
16
15
20
22
23
23
21
24
15
15
15
13
22
21
20
16
10
15
17
20
19
21
19
22
11
15
14
24
22
10
20
19
18
15
23
17
19
27
15
24
15
13
17
14
22
17
16
18
15
18
18
18
18
20
13
17
13
17
18
14
20
20
14
31
23
23
28
23
19
21
15
19
18
16
25
16
12
18
24
15
23
22
10
19
15
16
21
20
21
16
22
15
25
17
32
23
16
15
19
23
17
29
18
19
30
30
27
12
16
34
20
18
18
27
24
21
21
12
18
24
19
21
13
17
20
17
13
14
20
27
32
25
22
23
17
30
27
24
30
20
12
11
27
14
23
19
17
13
19
17
15
24
14
26
31
16
15
24
13
17
16
15
25
30
27
26
29
18
29
21
18
23
28
11
18
22
32
16
31
21
23
16
16
24
20
19
18
22
17
17
13
14
20
24
21
16
16
26
22
28
33
18
14
30
14
14
17
23
34
23
26
14
15
23
23
19
24
21
21
28
20
23
24
28
16
30
17
21
11
11
18
21
19
19
17
37
25
32
13
22
20
21
21
22
27
17
29
24
26
20
20
19
24
24
22
24
21
20
21
20
18
17
27
20
25
20
26
17
19
14
28
18
24
22
25
25
30
20
22
25
14
20
18
33
25
18
18
21
24
14
21
23
26
23
21
17
23
26
15
23
18
25
13
23
21
27
28
26
24
25
21
14
19
25
22
28
16
20
27
30
18
18
23
23
20
20
18
14
26
23
24
28
17
21
18
15
19
21
26
17
