32
32
28
46
56
43
50
48
46
53
57
59
58
61
49
58
49
54
59
53
49
53
52
65
63
46
68
49
58
65
66
57
52
71
65
56
43
56
67
54
61
67
52
60
53
55
43
70
52
55
62
76
58
62
58
58
56
60
60
59
64
64
66
64
57
65
66
69
61
50
63
63
57
54
56
63
49
63
64
65
61
61
67
52
58
58
56
53
59
56
63
48
49
58
53
70
44
46
64
57
56
72
64
64
51
64
56
61
59
63
57
61
61
57
68
58
59
57
69
56
62
56
69
55
59
71
54
60
54
69
68
64
53
69
57
55
51
64
59
61
67
67
62
59
68
65
50
63
55
55
66
52
70
58
71
63
61
45
53
64
61
59
49
49
59
61
60
59
62
61
70
57
