28
15
14
11
15
26
18
18
10
10
16
11
14
21
15
12
13
9
9
17
9
15
17
24
21
20
15
16
19
12
12
10
10
12
8
14
9
13
17
13
9
11
12
7
13
11
15
23
25
26
26
27
29
39
29
31
32
39
34
37
37
34
43
38
48
40
35
47
47
38
46
38
43
45
36
49
56
51
65
50
49
59
64
46
47
55
49
53
50
48
63
57
57
57
51
49
56
64
58
61
54
71
58
51
62
73
58
58
58
57
59
55
55
68
67
67
51
77
67
61
69
68
67
62
67
57
67
66
59
65
68
71
63
61
69
75
70
61
64
75
70
57
76
65
70
72
60
73
73
63
59
71
70
70
65
63
72
70
65
76
57
71
67
75
68
67
74
61
68
74
76
70
70
60
82
83
80
65
63
74
70
66
77
69
76
80
80
54
89
69
69
71
79
75
75
57
62
94
70
70
60
61
82
