28
42
37
38
43
45
50
40
49
44
53
60
45
43
52
63
46
41
45
60
54
45
54
44
53
77
66
55
58
62
58
63
67
55
60
61
57
48
59
56
51
53
59
60
58
59
62
51
53
51
47
66
63
56
56
65
46
46
59
50
53
59
55
54
54
56
49
51
73
54
66
74
47
55
58
51
53
52
52
51
57
56
54
54
55
69
70
55
52
63
51
64
53
63
52
56
49
60
77
51
63
70
49
47
49
52
52
44
54
58
57
60
57
64
57
54
72
51
54
58
43
69
51
64
52
55
48
52
56
64
59
66
68
56
63
51
49
49
75
60
41
61
53
64
59
55
47
58
61
63
52
61
51
52
51
58
48
54
65
52
57
53
34
54
62
51
60
46
63
55
50
52
54
67
68
61
52
55
35
52
59
41
