24
9
11
14
8
13
19
9
12
8
13
13
9
11
8
11
21
8
11
12
14
10
15
12
18
19
10
12
22
10
19
13
14
8
15
14
12
10
13
12
16
17
15
12
11
19
9
8
16
6
7
16
8
7
12
12
10
9
12
8
13
10
2
12
7
14
12
9
11
10
15
11
16
9
16
8
11
8
9
9
14
8
14
9
5
16
8
8
17
12
12
12
7
4
12
10
9
11
13
10
14
12
8
10
9
13
20
11
11
10
11
17
10
10
18
7
17
17
14
9
8
9
15
18
8
12
14
11
12
22
15
16
20
10
16
11
6
21
9
14
18
12
13
20
7
13
23
15
16
18
11
13
10
12
12
15
12
11
18
7
9
16
13
9
13
12
5
9
7
11
11
13
16
12
16
33
11
11
17
7
9
14
15
11
14
11
18
17
11
10
17
8
9
16
11
19
14
8
12
15
11
8
17
13
11
16
16
21
16
17
17
10
11
28
13
11
12
10
11
21
20
22
13
10
16
12
10
13
20
9
9
16
18
10
21
14
9
16
7
12
13
9
21
11
20
10
16
12
11
13
13
15
11
18
21
15
6
13
11
15
16
21
14
19
13
16
15
18
10
11
10
15
19
13
17
29
12
24
14
8
30
17
16
24
11
14
18
15
17
29
12
12
13
14
19
18
14
20
20
12
17
14
14
21
22
25
14
15
17
14
25
10
26
17
8
23
15
10
13
17
15
25
16
6
19
12
14
32
16
4
16
15
14
16
12
10
27
7
9
18
8
12
16
13
13
8
11
17
14
18
20
15
13
23
11
14
21
13
14
16
20
18
13
12
10
11
10
11
24
10
15
14
12
14
28
20
13
17
16
25
10
17
16
11
16
24
17
13
29
14
16
33
12
16
18
17
12
19
21
7
17
14
9
17
19
14
14
18
11
16
8
10
17
10
10
13
7
17
25
9
13
19
19
22
21
12
30
9
22
21
16
11
24
8
13
25
7
26
17
20
8
12
9
19
20
20
15
15
11
10
16
14
13
24
14
12
18
13
8
19
16
15
13
11
15
15
7
20
16
13
26
21
20
17
13
8
21
10
13
22
9
18
19
19
17
21
17
9
22
9
16
21
12
15
25
13
12
20
14
11
15
16
20
13
12
19
17
14
24
14
11
22
14
21
25
10
10
20
15
13
22
11
9
20
13
9
26
19
20
17
13
13
17
20
12
11
14
26
13
18
15
15
20
17
20
17
18
21
16
26
29
8
24
13
11
20
13
8
24
14
19
27
13
14
20
29
13
20
18
14
23
15
10
14
18
14
30
7
14
21
13
21
21
13
15
23
7
13
23
26
13
16
9
19
13
9
13
12
13
10
18
12
12
21
14
13
25
18
12
12
16
25
17
34
16
20
16
22
17
8
21
10
12
33
48
11
25
17
12
20
12
9
11
15
13
23
14
23
24
13
13
18
10
13
26
10
13
16
17
25
21
27
9
19
12
11
16
11
18
20
15
22
15
9
26
12
23
24
12
12
14
14
32
