43
44
38
80
45
63
35
85
97
119
45
38
67
84
44
94
74
51
33
81
47
50
79
112
94
75
61
35
90
34
72
85
36
64
62
36
52
27
60
43
90
51
41
26
78
44
45
50
47
47
84
78
30
94
70
45
85
43
79
39
37
92
32
27
83
46
24
56
48
71
36
81
48
53
58
22
42
46
66
56
44
43
41
30
59
90
43
32
55
39
56
60
62
40
38
65
34
64
36
46
46
57
28
69
34
83
45
38
31
78
68
56
33
64
65
43
36
95
43
31
46
44
41
74
49
47
42
43
42
84
48
60
59
98
75
34
52
39
40
64
65
33
50
74
56
55
42
25
57
57
30
55
40
93
75
61
82
126
54
38
59
29
65
41
35
39
48
125
84
64
67
45
65
92
51
36
75
56
