24
12
15
12
11
10
9
10
14
11
14
10
14
17
9
11
20
12
13
16
10
13
17
8
17
17
15
14
17
10
13
21
15
13
17
8
11
16
10
12
14
7
13
19
18
9
18
9
12
11
8
6
19
13
20
8
12
13
15
9
19
11
14
20
9
14
18
14
10
13
13
15
17
14
14
16
11
9
17
14
10
11
11
10
17
10
8
21
13
5
15
12
12
11
11
12
15
13
15
15
12
19
15
7
20
14
15
15
12
8
24
16
13
16
11
6
13
14
14
15
11
12
10
11
11
11
13
13
15
12
7
12
7
14
19
12
15
17
11
14
17
13
12
12
11
12
13
10
23
12
11
23
16
12
23
10
11
22
17
16
10
13
11
18
12
12
15
15
15
21
12
11
19
11
9
19
8
10
11
16
8
16
13
10
15
9
8
24
22
18
19
12
26
17
18
23
9
13
21
12
15
10
12
9
19
12
10
14
14
10
24
11
11
19
18
12
38
55
10
37
52
25
30
16
11
16
13
20
19
16
12
24
18
20
29
46
48
22
14
22
13
30
24
17
15
64
39
73
21
17
20
20
24
17
22
14
15
20
13
10
15
13
12
18
16
13
16
18
15
14
7
15
21
14
13
18
27
11
21
53
66
59
16
53
25
67
83
22
9
28
21
15
55
76
47
45
32
28
21
10
11
18
51
28
55
82
10
44
37
13
46
84
44
17
11
17
17
23
95
89
78
69
31
24
32
21
31
40
19
6
19
13
14
23
16
14
18
9
20
75
48
69
62
41
54
37
36
71
56
38
63
72
25
18
58
44
50
58
67
35
72
84
39
46
34
67
42
58
63
49
55
32
37
94
85
8
14
17
16
11
26
9
45
18
47
71
68
46
63
47
61
71
56
43
24
35
76
94
55
56
78
75
71
26
14
18
83
53
60
59
