34
26
37
28
47
43
30
44
31
36
34
32
31
23
42
33
37
23
32
36
28
36
25
29
43
27
25
24
40
33
34
31
42
31
33
40
32
30
27
30
29
32
31
44
29
34
25
43
46
30
36
33
24
35
34
38
25
28
37
40
29
52
37
33
34
34
38
33
34
36
22
35
25
31
31
25
45
40
29
41
32
35
32
42
31
35
42
35
31
33
28
26
43
39
41
30
29
41
46
33
27
31
35
38
30
38
34
35
29
35
41
32
32
39
30
45
30
40
42
35
32
51
39
33
39
35
37
40
37
33
35
44
46
24
44
40
41
47
48
28
34
41
25
38
43
39
39
31
50
30
36
26
41
27
39
33
42
26
28
34
24
44
41
43
35
34
36
36
36
35
40
32
49
33
29
37
32
32
49
33
26
33
44
36
28
37
37
35
29
31
37
23
36
44
36
36
46
31
44
37
32
32
35
46
30
54
43
45
27
35
35
30
37
39
43
36
46
47
42
30
26
29
32
40
36
37
33
49
30
22
45
25
43
45
29
34
41
39
43
43
47
27
30
42
31
28
28
30
40
37
48
46
40
46
39
47
28
43
33
31
38
27
42
31
45
37
31
34
46
29
43
38
33
32
47
35
30
33
38
43
42
43
