32
11
8
17
11
15
9
14
12
16
10
10
11
13
14
14
15
7
10
16
10
18
17
14
17
14
8
14
9
7
13
10
12
7
13
13
11
6
6
16
13
11
10
7
16
9
11
10
11
6
10
11
6
9
8
11
12
9
11
12
10
4
13
5
13
10
14
14
11
8
13
19
7
12
11
6
13
9
12
12
14
7
14
12
10
11
5
9
17
10
7
11
9
13
8
7
16
9
8
13
12
12
12
10
12
12
9
9
20
7
10
13
9
11
17
5
7
14
17
17
8
12
8
10
6
12
9
9
9
16
11
14
7
12
10
11
7
13
7
8
11
6
12
13
13
13
16
11
14
24
18
12
16
6
8
21
11
18
17
12
14
16
9
19
7
15
13
13
9
19
5
11
17
12
10
22
10
11
16
14
11
17
12
9
11
13
16
12
12
11
14
9
13
13
9
13
19
9
11
14
11
7
16
5
9
17
11
12
19
8
11
14
12
20
10
10
14
11
10
22
17
12
19
7
7
24
10
9
14
16
16
18
12
12
15
13
11
15
11
12
15
11
16
18
9
19
18
6
12
14
11
9
26
11
11
16
13
12
19
12
14
17
17
16
14
15
18
13
13
20
16
15
24
15
14
26
14
15
22
7
10
17
7
14
13
15
15
13
10
11
7
9
11
15
14
14
16
14
13
15
14
13
12
18
12
17
8
14
18
11
13
15
11
10
16
15
24
8
11
21
11
15
22
11
6
27
14
6
24
11
8
24
11
13
16
11
18
19
7
9
23
14
12
16
16
13
11
10
10
18
16
11
16
10
11
17
7
14
12
10
13
21
15
10
17
12
15
15
10
27
10
13
22
9
13
28
10
17
29
17
16
27
13
14
16
16
11
22
14
13
18
16
11
18
13
15
17
14
9
14
15
12
16
13
8
12
7
13
19
9
14
16
6
13
15
12
7
21
12
16
16
13
17
13
13
20
14
15
20
7
8
21
7
11
23
14
12
18
9
15
18
11
15
16
9
12
12
14
13
14
13
12
15
7
11
20
5
9
19
16
13
12
9
14
15
11
8
14
8
13
19
11
14
18
12
10
23
9
23
13
15
17
17
15
25
9
10
19
16
11
23
14
9
16
13
12
22
18
10
13
12
8
18
9
8
14
11
14
17
8
15
19
8
13
21
18
7
27
12
17
18
11
11
13
13
12
19
11
21
15
15
18
12
14
18
10
20
24
11
13
21
14
11
18
17
13
21
11
12
21
13
8
11
12
18
15
9
10
15
17
12
16
15
16
17
10
15
18
11
14
19
11
10
17
13
9
16
9
13
15
12
19
16
11
16
12
17
20
12
14
24
10
6
23
13
14
18
11
11
23
8
9
23
10
12
22
11
14
15
12
11
25
11
15
16
18
13
20
16
12
16
7
7
17
12
13
13
12
15
16
14
19
14
9
12
19
11
28
11
11
19
13
9
22
12
11
22
13
15
23
13
10
21
20
11
22
6
11
23
14
8
12
16
13
14
12
15
13
19
15
21
13
5
6
22
10
16
10
12
17
15
12
15
14
10
19
10
11
19
11
15
15
11
18
19
13
26
9
9
22
13
10
20
16
13
16
10
13
19
12
9
17
14
11
22
11
11
17
14
13
17
9
14
18
14
17
12
10
13
21
14
12
16
12
14
12
10
12
14
11
12
