17
21
31
19
29
30
21
25
15
21
18
23
25
22
10
17
28
23
17
19
18
20
21
35
30
26
25
21
18
30
19
22
30
21
20
26
28
27
36
38
36
24
27
30
21
38
17
35
36
21
21
20
22
25
19
14
38
17
36
33
20
24
23
19
30
24
22
33
36
29
27
32
28
27
22
32
35
30
23
19
26
45
41
20
37
32
19
23
25
30
33
16
13
29
22
28
27
21
29
34
25
25
19
29
31
26
33
24
22
30
28
26
20
25
28
25
17
16
20
22
26
26
34
27
27
28
32
29
28
24
26
25
21
24
33
24
23
43
25
35
34
19
27
34
30
25
35
33
24
20
30
21
15
24
33
39
17
17
34
35
22
27
26
32
17
24
29
31
37
25
27
37
27
36
23
25
22
31
31
31
22
18
22
26
26
27
22
29
26
25
28
25
27
17
26
36
26
19
24
25
35
27
18
29
37
31
30
30
26
30
28
25
20
22
23
23
28
24
22
28
36
23
23
22
27
26
28
15
21
18
31
37
20
33
19
19
33
32
31
35
20
16
19
28
21
30
25
23
39
26
24
29
36
34
36
25
19
25
33
26
26
24
25
27
28
25
35
22
24
30
30
18
29
25
24
39
38
27
30
32
24
32
28
22
30
18
25
32
22
30
20
24
26
23
34
23
20
34
29
34
44
25
25
34
35
18
24
30
28
19
23
29
36
30
28
35
23
23
25
27
26
24
28
29
23
25
26
30
19
22
32
24
27
33
24
29
26
31
32
25
17
26
25
17
33
43
29
37
24
33
29
25
20
29
24
33
23
21
18
26
25
39
24
22
21
21
42
24
31
23
27
29
24
19
32
33
37
45
