31
39
38
44
37
46
37
43
39
40
32
43
50
35
31
34
37
47
41
50
41
27
49
39
53
39
39
33
40
39
37
43
53
44
34
48
42
36
39
38
51
43
35
53
32
51
53
37
56
42
29
46
48
32
41
42
43
46
47
51
61
49
51
42
38
38
41
45
50
45
38
35
35
41
34
49
35
45
64
33
56
78
43
64
68
50
54
43
39
45
44
38
34
35
39
76
56
52
40
44
42
30
53
37
47
61
47
46
38
39
30
38
44
28
47
39
34
39
37
37
37
36
37
33
40
35
42
33
32
52
38
35
30
45
41
40
43
40
36
47
58
39
47
35
40
42
42
35
54
28
40
40
39
42
35
30
41
40
41
51
40
28
50
40
37
53
36
42
41
51
42
45
37
39
50
47
39
42
45
50
42
42
54
38
29
28
45
47
33
55
39
26
40
29
35
37
37
41
33
38
32
39
34
51
40
38
38
26
38
44
28
41
43
47
42
31
52
47
44
37
33
34
40
35
42
32
35
41
45
53
29
49
37
30
40
38
34
54
33
57
46
