44
46
45
61
40
46
41
43
53
48
41
45
42
46
53
51
44
44
54
53
50
53
39
64
38
39
49
39
51
43
48
46
61
48
47
27
41
42
50
41
45
41
45
58
48
39
53
44
44
60
54
54
37
56
58
43
53
48
34
47
48
50
51
43
51
41
53
52
53
59
51
52
65
57
52
46
67
49
47
44
48
35
45
45
46
39
55
51
39
37
41
56
49
54
52
45
46
42
59
41
54
55
52
53
49
40
41
44
44
44
70
53
45
53
31
58
51
51
36
52
52
39
46
48
43
58
60
59
50
49
55
51
50
54
42
44
48
48
44
48
47
46
47
53
44
54
51
45
64
48
53
39
49
45
45
40
57
46
57
51
43
42
42
54
40
51
54
48
37
53
47
53
41
54
43
48
49
49
51
43
47
31
43
59
39
41
37
51
43
54
46
44
57
49
52
44
31
50
42
43
42
47
38
55
58
52
45
58
57
