21
22
30
23
27
27
31
25
27
40
25
21
28
31
23
30
30
34
34
22
26
48
31
45
22
23
27
27
27
33
31
26
27
32
33
29
39
28
26
35
26
31
29
32
22
18
35
30
33
33
45
29
28
28
39
35
44
28
32
18
40
33
31
27
39
22
39
28
38
43
58
48
35
23
43
43
31
40
33
47
33
30
37
25
28
45
38
38
27
50
38
28
28
38
18
40
27
39
28
31
32
29
27
22
30
43
44
40
39
24
38
23
33
38
34
27
48
42
24
55
41
40
46
46
27
30
34
32
46
25
41
47
35
30
39
36
46
26
29
26
41
28
35
23
28
34
29
29
27
35
25
32
40
33
34
22
31
26
26
31
28
34
27
31
27
27
42
27
39
33
27
21
24
36
31
41
24
27
29
39
43
46
45
27
26
23
28
28
23
28
25
31
42
32
21
38
25
26
30
29
32
27
28
24
32
32
35
25
36
31
33
26
31
29
28
32
39
32
28
30
39
29
19
25
24
31
43
20
36
27
25
35
33
23
35
35
29
38
29
30
23
26
24
33
27
35
46
28
27
23
33
35
25
33
29
36
23
23
25
24
38
21
30
37
41
36
33
37
40
39
47
39
33
31
29
45
24
31
43
33
30
37
35
30
32
31
36
28
36
34
35
35
40
47
36
28
27
25
32
33
28
36
25
42
22
35
24
44
38
28
27
30
28
