13
9
7
14
10
12
14
10
11
13
8
9
18
11
10
10
11
15
16
14
19
13
14
15
13
8
19
9
8
17
9
6
11
8
11
16
13
14
14
7
14
16
11
6
15
11
12
17
12
12
15
9
17
16
11
14
17
15
11
16
11
12
20
19
15
19
12
13
21
12
14
11
11
20
11
9
12
8
13
16
7
14
15
13
15
21
16
11
10
14
14
20
14
13
23
9
15
15
10
14
18
8
11
15
15
15
16
13
15
12
10
12
18
16
9
31
13
16
11
10
14
9
18
16
14
12
21
11
9
19
10
17
22
8
10
7
10
12
19
8
7
15
10
9
19
9
15
22
15
11
15
13
12
15
16
12
20
11
11
13
10
11
16
15
10
20
9
10
13
11
14
13
10
9
19
15
13
16
13
16
15
15
12
15
15
13
13
9
20
12
9
24
11
12
13
14
10
14
12
10
23
16
11
21
17
12
13
8
15
14
11
15
12
15
12
21
16
15
20
16
13
14
9
14
19
13
7
17
11
11
17
11
12
21
11
19
18
12
19
14
11
19
6
9
21
11
7
20
11
12
15
16
15
15
14
8
17
14
11
19
7
13
17
14
15
14
10
11
14
12
12
13
9
10
11
14
13
16
9
11
16
12
10
17
8
9
20
13
13
23
11
22
12
11
19
11
7
22
12
13
24
16
10
16
19
10
19
15
13
22
12
7
20
21
11
27
14
12
19
12
10
13
9
15
16
9
6
16
9
8
22
17
10
14
11
12
11
10
7
16
8
9
19
10
17
15
14
21
12
14
22
15
10
30
11
19
25
12
14
24
13
11
23
8
10
18
11
6
22
16
15
16
7
14
17
15
15
13
6
13
17
15
7
16
11
11
26
14
9
17
12
14
16
12
22
17
11
16
13
8
20
12
17
25
12
14
21
13
10
15
12
16
29
13
19
24
13
14
34
9
16
17
14
12
20
18
10
15
11
15
21
14
10
20
16
19
18
15
10
20
14
10
17
10
13
12
12
17
18
12
17
15
18
19
12
16
19
18
15
26
12
10
19
10
15
14
14
10
24
16
11
21
17
17
21
15
14
16
14
13
17
13
16
20
10
13
18
12
15
15
12
12
14
19
13
16
8
10
22
11
12
22
10
18
17
18
19
11
9
17
15
18
20
11
16
25
10
8
20
13
11
21
13
10
13
13
13
21
6
11
24
13
13
18
11
13
16
11
8
19
11
14
17
12
14
14
11
7
17
11
16
20
10
16
11
12
15
13
21
22
9
8
19
8
12
24
8
11
20
10
12
19
11
13
19
12
12
14
10
21
14
16
15
21
10
12
11
8
15
18
15
5
14
12
13
14
8
8
18
18
17
15
12
11
19
16
16
12
18
20
9
11
15
13
8
24
11
12
19
13
11
22
13
18
23
9
9
25
13
11
19
12
9
18
13
7
23
14
17
22
7
12
20
15
8
17
14
20
12
17
12
17
15
13
17
20
16
11
11
14
9
7
27
13
9
19
13
10
20
14
12
23
16
15
21
15
11
20
8
16
22
12
16
12
12
15
17
12
15
11
15
17
18
12
13
13
16
11
20
11
9
19
10
11
21
21
