37
27
27
23
21
25
24
19
26
28
21
25
34
28
30
26
21
23
29
28
24
25
28
27
30
25
25
27
27
24
29
18
30
23
16
37
24
12
28
26
21
23
25
24
24
20
25
17
28
21
28
20
28
22
28
23
29
25
17
23
33
26
30
28
29
24
24
30
31
33
27
32
24
22
18
22
25
26
25
24
19
30
33
26
31
26
27
30
27
18
25
24
27
22
24
28
33
22
22
27
28
33
24
29
25
30
23
34
25
32
23
21
26
30
28
28
27
22
27
27
24
25
30
26
25
24
24
21
29
31
35
25
26
24
26
28
16
26
25
35
24
23
21
20
22
27
24
25
24
18
24
23
25
24
25
32
34
27
31
13
23
23
26
27
22
30
28
21
27
23
28
22
18
24
27
22
22
28
18
26
29
24
29
26
23
21
20
24
24
21
20
26
22
27
23
27
34
32
29
21
20
21
34
30
35
30
24
19
34
23
26
36
27
30
28
24
28
30
29
27
25
20
24
32
32
29
29
34
34
33
23
21
24
36
35
31
32
49
28
32
27
24
31
28
33
26
18
24
27
32
21
30
29
28
34
30
27
32
26
28
26
27
24
24
26
24
18
28
23
28
22
28
31
28
29
31
22
26
29
27
34
33
25
30
33
25
25
32
16
40
30
22
38
31
31
25
24
29
26
29
30
32
27
29
26
32
24
30
24
29
28
29
32
32
32
21
31
36
34
24
26
33
35
30
29
26
31
35
27
24
32
22
22
22
27
34
28
25
30
35
34
30
29
24
29
24
35
28
31
30
26
34
35
30
28
34
31
35
29
30
33
31
28
32
31
26
20
28
25
25
35
24
