24
24
15
18
24
18
12
24
15
18
15
19
19
24
19
22
17
15
14
22
21
17
19
19
15
17
18
20
19
18
13
22
17
12
16
18
18
25
30
21
16
21
20
20
19
25
18
18
23
20
15
21
22
20
19
21
13
19
23
21
20
27
24
20
13
21
14
18
26
16
21
25
15
14
25
22
18
27
17
13
23
20
16
16
17
18
15
23
23
24
16
22
15
16
12
20
17
25
30
14
19
25
21
18
22
24
15
23
13
17
16
17
21
9
13
15
23
20
20
19
17
24
17
17
16
24
23
23
16
24
28
23
16
19
25
19
25
21
23
18
21
15
21
20
19
17
18
23
16
20
22
14
22
22
26
12
23
25
21
21
26
23
22
28
16
21
22
15
17
27
17
18
19
10
20
24
20
32
26
19
27
25
20
23
14
17
26
23
18
23
18
21
24
20
33
19
21
20
23
20
27
24
19
21
16
14
23
29
20
19
16
15
15
19
24
14
19
18
23
20
27
24
20
18
21
17
19
30
26
15
21
20
15
30
22
22
21
21
20
23
22
20
21
30
21
24
18
17
32
19
12
20
22
23
23
11
16
24
23
23
20
21
22
17
20
15
27
20
21
25
22
15
18
20
18
13
19
22
23
27
17
19
23
23
29
20
23
23
22
27
21
21
28
21
25
30
27
20
27
28
23
33
23
24
24
28
22
34
24
16
21
23
24
23
20
16
22
22
22
21
19
14
19
21
13
27
18
16
25
28
17
19
19
29
16
23
12
17
17
21
23
21
17
19
22
22
21
21
24
18
21
29
15
24
18
14
19
26
24
23
24
19
17
17
20
23
25
18
22
18
25
16
23
16
22
24
22
20
32
18
17
26
24
24
17
14
26
21
25
15
20
25
22
20
20
22
20
16
27
17
20
25
20
16
26
16
18
18
14
25
23
27
18
19
18
24
21
23
17
21
20
19
22
15
16
20
24
24
29
26
18
23
23
12
17
16
10
16
20
16
23
23
15
19
23
17
18
15
26
18
24
20
20
25
24
20
18
19
25
21
25
22
16
27
20
18
23
21
18
26
24
19
18
13
23
22
21
16
27
22
19
23
24
26
18
21
11
20
