30
17
20
19
18
19
18
24
21
14
19
28
18
25
22
24
24
36
19
18
21
19
28
30
24
20
22
26
26
32
25
29
22
25
25
24
27
24
20
26
25
23
24
19
20
28
24
23
20
16
24
34
23
14
27
22
21
30
21
22
19
28
25
22
15
27
18
29
19
22
25
25
30
24
15
27
20
28
24
20
25
17
21
32
29
23
21
23
30
22
31
20
43
20
12
17
23
19
22
21
19
27
32
18
19
23
23
20
22
24
22
25
22
30
22
26
22
23
28
25
33
25
19
22
31
23
18
19
25
17
23
22
26
24
20
22
19
29
22
23
25
24
26
16
28
23
25
20
19
21
27
26
28
23
21
20
24
22
19
23
30
18
17
22
20
24
24
24
28
29
21
25
22
28
24
19
20
26
22
20
20
17
29
23
24
23
20
23
25
22
16
24
25
20
27
18
18
18
20
33
22
29
25
18
24
24
25
22
20
15
29
27
20
30
24
20
19
30
26
15
20
15
32
31
27
24
26
22
30
24
32
25
23
17
32
26
29
31
29
34
28
24
29
34
20
22
26
23
24
30
29
21
26
25
21
19
34
28
24
31
28
28
19
26
27
19
28
20
22
30
35
21
27
31
21
27
24
31
23
23
21
32
20
21
31
28
22
28
19
22
39
18
21
36
26
21
30
20
22
25
28
27
18
23
28
29
18
26
24
38
22
18
20
29
29
40
30
25
24
19
32
22
23
21
34
36
29
23
16
23
29
32
33
18
27
25
18
30
25
33
22
28
27
20
24
35
27
23
26
25
24
29
25
20
35
28
25
27
19
25
20
28
31
25
30
35
30
28
27
30
21
26
26
26
20
27
27
20
21
23
33
24
32
29
29
25
29
29
34
32
25
29
29
24
27
32
27
28
28
24
18
26
23
27
29
31
29
26
