20
10
13
11
11
14
11
18
7
10
14
8
8
21
17
11
23
10
12
12
9
14
11
9
10
14
9
13
10
12
12
11
9
11
14
13
15
7
8
12
11
13
17
16
13
13
12
12
15
15
12
14
10
14
10
11
19
11
8
18
10
17
14
11
13
18
11
10
16
11
10
12
14
13
21
13
11
13
11
12
13
12
10
11
10
18
12
15
12
15
16
14
13
14
16
10
13
10
9
12
14
9
12
9
15
9
7
12
13
11
12
12
18
12
14
15
10
16
16
11
5
17
12
9
14
12
15
17
8
13
16
16
9
20
9
19
17
9
13
15
13
13
8
15
13
13
15
9
8
15
10
10
13
16
13
11
20
13
12
18
15
9
17
14
11
8
9
8
13
12
12
10
7
22
9
9
17
9
11
15
16
13
17
13
13
14
12
14
20
12
15
14
10
14
16
19
12
16
13
12
16
14
18
15
11
15
14
12
20
9
8
15
8
17
14
13
10
16
10
9
16
12
16
15
12
19
13
12
6
15
11
16
10
12
13
17
15
19
14
12
12
8
8
12
15
6
18
15
11
12
12
15
15
8
13
19
12
17
24
10
14
19
12
17
14
17
11
16
15
21
13
26
25
16
14
20
13
8
19
11
14
27
7
13
13
15
9
21
16
8
19
19
11
14
14
17
14
13
14
19
17
14
22
16
19
21
17
18
17
18
15
23
14
14
20
13
10
15
11
18
17
11
16
16
12
14
17
12
12
16
13
15
10
9
14
16
12
14
18
12
12
18
15
20
16
22
13
14
14
15
20
20
28
16
17
23
22
12
23
21
17
22
14
15
19
14
17
16
12
14
20
12
18
21
18
14
16
12
13
26
12
17
19
15
16
16
12
14
10
17
18
15
14
13
14
13
10
10
18
12
23
13
10
13
10
18
20
15
19
14
13
5
14
12
26
12
15
22
17
14
24
14
14
24
21
9
22
12
16
13
11
13
23
18
10
20
17
14
19
15
21
17
14
11
29
14
10
20
16
21
18
15
11
22
16
16
24
10
17
18
15
16
17
21
19
20
17
18
15
13
10
14
18
15
22
8
19
15
16
18
10
20
17
19
19
16
12
10
15
16
17
21
12
12
25
14
12
21
20
13
17
15
17
25
13
17
17
18
11
19
13
16
15
18
18
15
12
13
22
14
13
10
14
14
16
13
15
13
22
18
20
16
20
13
11
14
23
22
23
18
12
20
17
14
14
13
21
21
12
18
25
17
12
24
15
17
15
11
8
18
13
13
19
18
15
22
12
16
16
14
11
16
18
17
21
13
19
15
16
15
22
11
12
17
12
16
14
12
12
14
13
12
25
19
14
21
15
14
16
17
23
29
21
14
15
13
14
18
15
20
13
14
17
13
13
18
16
7
23
13
16
19
15
14
24
14
13
21
10
13
19
12
11
29
11
10
23
16
13
24
14
9
19
14
21
20
13
15
18
9
11
13
18
16
23
17
18
24
14
18
17
14
14
20
16
9
17
17
18
15
17
9
15
11
13
23
