40
52
43
64
61
53
49
62
49
58
45
49
50
56
58
58
49
45
46
45
66
61
59
58
66
57
55
53
64
69
62
57
46
48
57
69
50
39
51
52
65
44
55
59
58
50
66
51
58
60
71
63
54
52
45
56
60
42
46
56
74
59
56
59
61
63
48
60
51
57
43
57
70
63
50
59
70
66
45
70
49
56
47
55
51
70
57
51
54
55
61
56
50
59
67
61
68
64
52
67
57
52
55
60
69
70
61
61
62
57
64
61
55
56
59
52
60
68
58
70
60
61
58
60
57
69
64
62
61
59
63
51
64
45
52
55
66
48
57
50
64
49
54
64
69
54
70
68
53
62
69
49
70
53
60
56
54
59
70
62
50
55
60
47
61
50
67
64
60
66
51
56
67
62
