19
17
17
26
20
20
18
15
24
32
18
24
22
27
25
19
17
20
23
29
26
23
27
24
23
22
23
27
28
27
22
25
19
19
23
22
26
27
20
21
28
24
15
28
24
28
23
24
23
21
21
31
18
19
30
26
19
30
30
20
24
20
33
24
19
24
33
25
27
27
24
28
30
25
16
22
32
25
20
21
30
20
26
25
25
19
29
26
26
27
21
29
22
18
23
29
21
32
22
23
25
31
22
26
39
26
29
29
26
25
20
23
17
17
24
23
28
31
28
29
17
26
19
24
30
23
23
22
25
22
24
29
26
21
22
29
27
22
28
20
23
24
27
24
18
25
24
21
31
23
16
25
28
24
24
23
33
28
21
28
22
27
20
29
20
28
27
24
32
29
19
24
29
21
23
30
29
26
27
25
24
24
21
21
24
17
24
19
24
24
30
29
30
21
24
28
18
39
25
33
31
22
25
23
29
23
22
30
24
28
24
21
19
22
20
26
26
25
24
25
25
17
28
31
16
24
21
24
19
34
29
27
22
26
21
29
19
29
29
30
22
33
27
24
26
23
20
24
23
25
21
24
24
20
30
26
25
25
21
23
25
22
25
31
26
29
28
25
22
30
21
24
22
21
25
35
25
29
28
34
29
30
24
18
20
24
29
23
22
25
19
19
26
22
27
36
26
30
24
30
22
24
31
26
26
30
39
22
32
26
27
33
20
35
29
24
26
32
29
32
25
23
25
31
24
27
29
22
22
31
23
23
28
18
22
33
27
25
20
21
33
31
31
19
28
20
24
32
25
30
25
16
37
30
28
29
35
28
28
29
35
29
26
26
30
24
23
42
24
36
23
23
24
31
38
22
34
26
20
32
29
30
27
21
34
25
19
28
32
31
29
24
31
23
25
25
