17
12
14
9
19
11
16
12
16
17
16
25
17
21
25
22
12
23
27
17
18
20
20
18
14
22
13
23
19
14
15
20
14
19
24
11
18
11
20
23
16
23
15
14
14
16
19
21
22
18
22
21
18
25
8
18
21
29
16
19
19
21
22
16
29
15
24
18
18
18
27
23
21
17
26
24
29
24
20
23
25
14
17
19
20
19
18
17
24
16
16
15
19
22
11
21
20
28
15
25
21
22
23
19
25
16
15
20
15
21
17
17
14
17
19
16
12
19
11
19
19
16
13
19
15
15
20
22
15
17
22
14
24
28
21
21
22
18
16
17
15
22
23
19
17
21
16
12
22
12
20
20
19
15
22
16
18
18
20
22
23
22
21
18
20
24
21
26
15
19
16
25
16
18
23
22
15
22
18
19
22
16
18
20
17
22
17
17
20
13
16
18
21
21
20
21
17
18
18
24
16
19
20
18
17
24
21
18
20
19
27
25
17
16
20
17
21
13
15
19
17
17
25
20
12
23
21
22
14
12
20
21
21
17
24
31
16
21
19
25
24
23
20
15
31
15
22
22
18
20
15
18
16
21
15
21
21
21
23
16
32
18
23
18
23
24
19
21
22
17
18
17
20
19
21
19
25
20
21
24
18
26
17
19
19
26
19
15
22
28
22
27
19
31
24
19
26
20
12
29
17
19
19
17
19
18
15
15
19
29
16
22
21
12
21
16
21
18
22
20
19
13
18
27
17
16
25
21
22
20
17
19
19
19
30
18
17
28
12
20
26
25
16
25
21
20
19
12
18
18
20
17
19
20
13
22
18
24
23
20
18
25
18
16
20
15
20
23
20
23
16
21
23
15
18
22
21
21
29
23
21
24
19
25
26
15
21
19
18
19
25
26
20
19
21
11
20
14
21
26
21
22
15
19
17
26
18
19
25
19
18
24
19
28
19
16
25
20
13
23
20
19
27
18
17
20
14
23
20
19
24
23
22
20
17
20
16
19
18
20
22
21
24
15
12
17
20
16
16
24
19
16
20
14
22
17
16
22
16
19
23
23
13
22
22
21
29
26
15
19
15
17
20
25
18
23
25
18
18
15
18
22
19
22
20
21
23
29
20
30
20
22
32
25
14
17
14
19
19
17
18
14
19
15
16
17
17
23
17
14
18
18
