28
16
20
12
14
16
18
13
16
11
16
18
18
18
9
18
15
12
15
16
20
17
15
16
16
15
16
11
17
16
16
17
17
18
18
18
15
13
12
15
16
13
23
14
21
13
18
20
21
20
15
16
14
19
13
15
16
12
11
15
12
9
18
14
16
16
17
15
28
14
23
20
16
18
21
15
13
25
12
19
15
25
23
21
22
19
19
11
21
23
23
24
19
28
22
16
23
14
24
22
24
23
25
25
16
23
17
13
20
21
15
15
18
25
18
20
20
23
14
21
21
14
10
29
16
15
18
14
10
18
9
18
16
17
16
25
17
16
15
18
11
17
19
17
17
12
22
16
21
17
13
20
25
24
13
22
27
22
19
17
16
24
26
21
13
12
14
20
23
17
19
25
24
15
19
16
13
19
18
16
20
21
18
15
21
18
24
20
35
19
24
21
16
16
17
18
17
15
17
24
18
14
23
13
18
15
18
26
14
21
17
20
14
17
13
12
22
18
15
20
21
13
14
16
20
18
19
11
18
27
15
15
18
22
17
14
22
15
18
14
20
18
10
25
15
20
19
17
16
25
17
15
22
25
23
16
22
13
15
16
23
18
19
24
13
17
19
19
21
19
22
21
25
29
26
16
22
14
18
19
22
21
20
21
24
19
20
20
17
28
23
17
22
21
20
20
34
19
16
19
15
23
19
15
21
26
18
26
15
19
20
24
18
11
20
18
17
18
25
20
16
16
22
21
14
25
17
22
16
17
18
22
20
17
17
16
21
24
12
21
18
16
22
30
19
20
14
15
19
13
15
19
23
23
21
19
16
26
16
15
23
14
12
19
23
14
20
22
21
19
25
16
22
15
19
14
23
23
26
18
22
23
13
18
18
21
21
27
21
24
20
12
23
18
18
28
23
16
18
17
12
19
23
22
30
20
14
24
15
18
22
24
17
21
17
13
23
16
16
19
21
19
21
22
13
22
19
23
23
18
27
19
25
22
17
19
34
29
19
26
18
17
26
32
23
24
18
20
21
18
17
19
19
19
17
22
26
23
25
15
17
25
21
31
23
25
22
19
29
18
17
22
16
18
24
19
19
26
15
20
20
22
28
26
18
18
26
24
18
20
24
29
25
17
21
20
21
21
30
17
21
22
21
15
17
16
13
17
23
13
18
20
23
22
19
19
15
14
24
32
22
26
29
23
18
