12
15
12
9
18
8
7
12
22
10
12
16
10
15
10
11
16
13
12
15
11
20
11
11
19
12
11
25
13
15
29
16
15
24
13
9
23
17
17
23
15
15
27
12
12
18
6
16
14
8
15
13
11
8
18
12
6
15
13
12
13
13
15
16
8
22
24
11
21
12
11
22
7
10
25
10
11
25
12
10
18
14
10
21
16
9
23
13
14
16
11
10
13
11
9
15
18
15
16
13
12
21
13
14
18
10
15
13
15
18
15
10
20
8
15
23
14
10
16
10
19
22
14
8
25
14
8
21
12
11
15
13
10
29
12
17
18
14
8
19
21
10
19
14
10
9
11
11
12
5
12
10
18
11
14
11
16
12
17
18
13
6
16
16
13
17
8
12
27
10
20
23
15
19
20
16
15
16
14
14
21
8
21
14
12
9
14
11
15
12
10
20
12
10
17
18
13
19
15
12
21
8
11
21
9
18
23
11
12
23
12
11
23
15
12
14
17
12
19
12
6
14
9
13
16
9
19
15
9
8
13
11
11
14
10
13
23
8
11
18
15
21
11
16
16
12
13
28
14
16
15
14
14
24
12
15
19
13
14
23
16
4
31
10
9
18
13
10
20
10
10
20
14
13
14
14
10
14
33
13
15
11
10
18
11
16
20
14
19
15
14
20
17
9
26
8
11
24
17
18
19
10
7
27
11
14
13
12
15
11
10
13
12
10
10
9
9
13
16
10
19
16
14
11
19
11
15
20
11
13
17
8
9
15
20
13
18
11
14
7
10
18
12
11
11
13
11
25
13
10
27
14
10
23
9
10
15
12
11
9
12
10
18
9
12
15
11
8
14
9
8
17
12
20
12
7
11
13
19
13
14
13
23
13
14
26
14
10
20
13
10
28
12
18
11
16
12
20
14
11
15
17
9
13
11
17
20
8
18
17
6
27
9
13
20
13
14
18
14
13
19
12
9
15
11
13
16
9
15
17
6
9
15
14
7
14
14
14
19
12
10
11
12
16
18
7
13
16
11
12
19
12
28
17
15
22
17
13
24
13
12
19
11
17
18
9
8
14
15
13
16
20
18
15
10
10
20
12
10
15
13
14
14
13
23
11
12
14
19
13
16
18
15
22
15
10
15
16
15
25
8
18
24
13
12
24
11
14
22
12
14
21
15
9
15
13
8
21
12
16
13
15
12
19
11
12
11
10
11
18
17
17
16
13
18
15
10
16
11
11
24
10
10
21
13
10
23
8
9
16
15
11
14
17
7
18
11
10
15
13
12
23
12
17
14
14
10
15
7
13
10
8
16
18
18
19
12
14
22
10
8
19
12
13
25
12
17
24
18
14
25
9
12
22
17
11
16
14
13
18
9
13
22
14
13
12
12
17
16
11
15
17
13
12
11
8
15
16
11
12
13
17
12
20
12
14
20
7
19
18
14
15
11
13
25
10
11
25
15
13
25
11
18
26
7
6
29
15
6
17
17
11
10
18
12
17
11
12
19
8
11
18
17
13
15
10
12
13
15
14
18
17
12
21
12
19
22
11
9
18
12
16
19
14
14
19
15
9
17
14
11
15
18
