24
21
26
20
24
17
21
26
29
29
20
31
36
27
30
42
32
22
35
23
37
22
34
25
27
33
25
31
31
29
28
28
30
30
37
30
27
27
31
26
24
26
27
27
33
28
47
29
34
32
32
30
26
40
35
40
32
22
29
27
35
34
32
38
22
25
26
25
29
35
29
32
33
24
25
25
27
28
25
26
34
28
25
24
30
25
35
29
37
34
26
33
27
30
35
24
30
30
26
25
26
30
30
23
28
21
29
42
26
36
29
33
31
29
35
34
33
25
37
34
30
31
34
26
32
34
32
26
29
26
30
26
20
33
34
27
27
25
22
34
28
31
36
24
30
32
31
29
28
35
23
31
32
30
29
29
34
40
25
32
29
35
32
38
29
41
30
32
30
30
26
29
37
25
37
32
19
31
34
21
31
33
29
22
30
27
22
37
22
30
24
23
27
23
29
36
31
29
26
36
35
28
24
30
32
28
24
29
30
39
33
30
24
30
30
23
26
15
29
29
26
28
33
28
47
34
21
31
33
25
39
30
32
27
33
28
38
30
32
22
34
27
26
25
26
27
35
30
31
39
30
30
41
25
32
29
36
29
36
22
29
33
37
23
29
37
32
27
30
37
34
26
24
28
35
24
34
36
34
23
26
31
32
22
38
32
33
36
33
35
36
30
28
33
27
28
28
31
25
29
25
32
26
37
31
30
47
28
38
35
41
37
33
43
28
26
32
39
35
34
28
28
28
28
31
48
38
40
32
43
36
44
