39
45
33
27
35
45
46
42
43
48
40
43
36
39
34
22
41
46
42
40
39
44
44
37
52
49
47
46
41
40
44
36
38
48
36
51
38
36
43
43
44
47
42
49
42
57
33
52
49
40
46
37
41
53
43
44
57
55
41
56
68
41
41
51
46
58
31
54
52
34
46
54
43
41
42
35
33
50
35
47
40
41
52
51
40
48
47
51
60
44
50
37
34
54
42
36
36
43
51
49
29
48
38
54
58
63
60
54
47
40
40
49
52
46
50
51
46
54
50
57
76
59
47
55
42
57
58
47
58
48
53
46
57
47
56
54
63
52
56
50
53
60
45
34
52
41
57
53
53
55
46
52
62
70
45
46
63
63
41
47
72
47
53
59
49
56
58
46
52
43
49
60
46
52
54
57
48
53
64
45
33
58
58
57
39
50
62
52
47
53
73
43
50
45
48
51
49
49
56
53
66
47
52
56
42
54
62
48
39
