34
24
53
39
40
46
39
38
40
47
43
31
29
36
44
34
20
52
40
36
41
37
34
29
38
39
37
36
33
42
40
26
33
18
38
25
46
44
33
38
46
37
36
43
46
35
37
42
20
50
45
33
33
43
52
43
41
71
32
43
54
46
48
35
60
57
32
48
34
52
56
49
42
47
52
39
50
49
43
38
49
56
42
53
55
51
64
44
49
52
28
28
50
36
38
56
61
52
51
52
46
59
50
25
46
52
57
48
61
53
51
35
46
62
49
52
38
39
46
47
47
48
46
48
47
42
47
39
55
53
49
42
49
55
54
34
36
42
41
44
33
29
52
53
46
36
64
55
45
25
57
47
57
55
47
55
58
54
51
43
49
47
48
32
59
51
58
49
36
46
37
39
43
39
41
54
44
42
34
37
46
46
52
47
36
55
56
62
59
39
58
56
43
41
46
46
29
57
43
39
61
43
38
53
34
44
49
45
48
74
67
33
64
56
56
58
46
36
58
27
42
59
28
42
