50
36
43
42
45
46
41
43
45
37
58
40
46
43
52
50
30
48
53
43
19
56
52
45
35
43
45
48
34
47
59
42
39
35
44
42
45
42
40
51
54
37
48
46
57
39
51
50
38
47
38
41
44
56
59
62
45
39
40
41
54
17
35
46
37
45
43
57
64
53
49
43
41
66
41
47
77
54
44
35
39
44
46
55
39
42
36
31
37
36
47
26
24
33
35
24
23
34
35
48
36
22
33
33
30
38
40
35
39
30
37
35
35
45
32
40
38
38
35
38
42
37
31
33
32
42
25
46
40
43
36
36
46
41
29
26
30
30
36
30
35
38
32
36
39
55
46
48
41
38
37
32
46
35
32
39
40
25
54
42
58
44
40
41
50
45
45
45
47
35
41
32
37
48
52
39
54
41
34
36
43
43
42
37
44
39
38
38
45
47
47
43
50
47
56
39
42
55
34
49
42
35
30
47
46
38
30
66
44
41
52
47
43
37
46
32
49
41
47
57
56
52
50
46
28
41
43
54
46
47
56
30
58
43
38
43
44
32
46
