20
10
9
15
6
15
14
15
11
12
10
13
14
13
14
8
12
11
17
16
18
18
16
8
11
16
15
15
13
8
12
16
10
13
16
10
19
13
7
8
10
7
17
10
13
19
12
17
10
8
15
22
19
16
26
23
21
13
9
15
15
16
15
16
17
15
16
11
17
10
13
27
16
12
29
11
8
21
6
10
14
9
14
16
10
9
15
7
13
11
6
20
9
18
21
17
26
17
10
15
14
11
13
18
15
18
18
9
18
16
14
21
14
6
9
12
8
13
11
9
12
12
13
19
12
11
11
13
12
14
11
13
13
12
12
12
13
12
17
20
11
15
11
14
12
12
17
18
11
24
8
10
14
9
15
8
13
11
17
8
15
16
15
7
16
14
14
9
13
16
13
17
20
9
14
15
13
10
24
15
15
15
14
15
18
14
11
19
13
16
9
15
17
18
8
14
9
12
16
11
12
9
15
13
17
12
9
18
12
9
8
15
13
9
18
12
12
13
11
13
11
15
16
11
16
13
10
17
12
15
16
12
15
24
12
18
12
16
19
11
13
35
10
15
20
16
14
19
14
15
23
14
14
19
15
8
19
12
17
15
19
11
14
9
10
11
13
22
13
9
13
19
14
21
13
9
17
14
15
19
16
13
16
17
12
19
16
17
16
12
14
20
12
14
19
13
10
17
16
17
21
16
10
13
12
17
16
13
20
13
18
28
20
14
29
15
13
21
9
11
19
14
13
18
14
15
20
9
22
16
16
10
19
19
22
10
8
12
20
12
21
24
15
14
23
19
21
20
18
21
8
15
27
24
9
22
13
11
25
11
17
27
22
15
22
10
17
19
13
12
17
14
13
14
12
12
13
13
12
16
15
13
17
13
11
13
14
12
16
18
15
14
11
22
19
17
25
12
14
29
12
15
20
13
23
25
20
8
10
12
12
21
12
10
17
16
14
20
12
7
21
11
9
14
11
15
22
17
17
16
16
9
12
15
19
15
17
15
27
12
16
24
14
18
15
11
21
14
13
14
19
14
16
19
19
24
13
13
15
14
17
20
16
17
18
12
11
27
26
34
29
18
16
17
13
12
18
8
9
16
16
11
14
15
17
21
13
30
16
10
15
14
21
22
14
13
28
19
11
27
12
12
16
11
9
21
16
11
26
16
15
20
14
15
17
14
14
16
9
11
14
11
13
23
16
17
18
17
19
12
12
18
17
20
23
17
15
23
13
15
23
18
11
24
11
13
26
13
12
9
11
8
11
16
14
16
19
17
23
20
16
18
17
24
11
11
16
21
16
16
17
17
26
21
13
20
19
15
19
17
17
17
9
13
20
10
13
23
13
14
20
9
13
19
14
16
15
12
13
26
19
14
13
14
12
22
15
10
19
16
12
21
11
14
13
12
7
25
13
12
11
9
11
16
13
13
20
6
18
19
8
19
16
9
26
12
13
27
28
12
25
16
10
29
15
10
20
7
14
33
16
14
13
21
13
20
13
15
15
14
