15
14
10
11
22
9
8
15
12
13
16
14
21
36
27
33
21
17
16
19
15
14
18
19
22
16
13
18
19
19
18
11
16
19
10
14
11
17
16
23
17
23
14
13
6
24
14
15
4
14
19
12
11
15
13
18
20
16
15
16
13
23
19
18
15
19
16
12
25
23
16
15
46
38
18
14
18
12
13
26
30
18
14
19
17
20
15
13
24
17
20
19
17
20
15
16
15
24
19
21
13
20
18
14
15
24
23
22
19
13
7
15
11
10
19
14
35
28
30
18
17
17
13
18
14
17
16
12
14
14
16
20
20
30
15
16
15
15
14
12
15
8
10
15
11
8
16
19
14
18
21
31
15
19
14
40
35
20
17
18
35
11
16
19
22
12
18
30
13
16
15
21
20
10
15
20
17
17
12
29
52
20
14
27
33
12
9
21
15
10
14
18
13
16
17
13
16
39
41
41
21
25
41
15
13
19
39
25
37
19
22
28
18
9
24
13
23
28
11
17
19
17
15
22
14
11
13
15
18
16
18
17
16
21
16
23
13
13
20
33
17
18
16
15
24
17
22
18
14
15
15
13
28
18
17
25
17
14
20
24
11
15
13
17
18
19
19
21
20
30
32
20
14
19
9
22
19
13
30
23
27
20
13
18
19
13
23
20
18
16
36
15
16
13
13
16
15
14
15
13
21
21
26
56
32
32
16
24
23
14
22
17
13
22
18
13
16
12
15
20
14
19
15
22
26
20
12
23
23
15
17
14
15
13
14
12
14
12
7
13
15
13
13
17
13
18
20
21
18
18
14
18
23
15
21
14
36
24
22
33
31
14
13
11
18
11
17
17
12
21
18
14
18
15
21
16
16
22
20
16
18
25
14
19
15
23
22
27
22
19
9
17
17
27
16
25
28
24
24
31
37
50
16
14
10
16
19
20
10
16
31
13
11
22
21
19
15
11
14
20
20
17
17
20
20
22
12
17
14
15
12
26
28
21
20
18
23
24
29
26
24
18
10
23
19
45
14
16
11
26
15
17
25
12
19
14
39
25
19
14
21
21
14
21
20
31
19
27
21
15
12
26
22
16
16
22
19
14
21
21
13
18
18
26
13
13
15
20
20
13
23
11
11
23
11
9
27
17
20
17
20
14
17
38
48
22
11
16
23
19
11
28
21
19
20
12
18
32
21
42
39
20
39
22
24
27
26
15
