20
10
25
12
17
21
13
15
14
13
13
19
12
7
18
13
18
23
17
19
20
31
18
16
17
19
11
15
20
16
10
15
10
11
13
8
16
17
14
17
19
8
22
15
14
16
17
13
19
22
12
15
18
19
8
22
17
16
15
12
9
19
12
14
19
15
16
15
10
22
11
13
17
12
11
11
16
13
28
23
13
22
16
17
14
19
15
18
12
11
17
12
7
21
15
17
18
21
19
19
16
12
20
15
14
15
10
12
18
10
12
20
12
22
23
11
20
13
13
14
8
15
18
12
22
13
15
13
19
18
12
17
12
12
17
15
10
29
14
13
19
13
13
15
17
10
20
15
15
16
11
25
20
14
24
15
16
26
12
11
18
25
14
18
18
13
14
24
11
12
15
13
17
14
14
15
10
18
18
9
17
16
12
12
11
14
15
17
16
20
16
17
30
11
17
36
16
20
23
21
13
15
16
11
16
15
17
18
13
17
22
21
13
21
15
16
15
10
14
21
16
11
18
11
16
18
13
27
15
14
21
21
13
20
17
17
14
15
11
22
12
13
20
22
20
17
19
19
12
20
18
26
11
16
25
17
22
24
12
18
20
14
27
13
16
22
21
18
24
15
16
28
18
15
24
14
15
22
10
10
13
15
8
16
12
15
16
8
17
26
20
18
19
9
14
22
17
21
20
9
22
13
15
28
21
16
23
21
16
23
21
12
19
16
16
19
14
11
24
14
17
15
14
16
20
15
10
22
9
19
12
14
19
24
9
19
17
14
18
14
12
13
10
10
26
22
25
31
15
14
33
17
16
23
17
13
21
17
17
26
15
15
16
17
17
23
11
13
19
16
15
20
17
22
12
13
10
15
13
14
23
15
19
14
12
17
17
12
26
21
19
14
12
13
18
13
16
26
13
17
18
19
10
25
12
16
25
16
13
32
16
15
12
12
12
16
9
17
17
22
9
27
15
17
15
17
15
18
10
10
15
16
7
10
18
14
20
19
29
13
11
26
12
15
25
12
18
20
19
15
20
18
17
19
14
10
18
10
12
16
16
14
16
18
12
17
15
14
19
24
24
19
14
21
29
20
27
20
14
27
22
21
18
17
19
28
21
16
29
15
11
12
12
13
21
21
15
12
21
15
16
14
14
20
19
14
21
17
13
19
13
15
18
17
19
22
11
14
16
12
21
10
11
19
14
19
26
16
11
26
12
15
24
17
21
22
12
11
20
10
17
22
17
28
16
17
15
17
11
16
9
15
13
19
9
16
17
19
14
15
12
25
14
12
23
15
12
25
16
14
21
14
12
26
8
20
25
22
15
24
18
18
17
16
20
12
15
10
19
7
16
17
12
10
23
16
13
13
13
12
16
27
15
16
