19
16
17
15
22
14
15
24
21
17
19
19
23
19
17
14
17
20
16
15
17
22
17
14
17
21
16
16
15
16
23
16
13
17
16
16
18
19
18
21
12
22
17
17
14
18
14
10
25
13
17
19
22
13
16
23
21
15
19
17
20
17
15
16
17
21
19
13
16
17
15
16
18
16
20
19
21
19
25
18
13
23
21
25
21
18
19
17
14
18
16
22
20
18
24
18
22
14
18
20
17
22
22
13
18
23
24
18
12
22
22
16
20
18
27
22
30
20
21
23
18
18
16
15
22
15
13
17
23
21
25
13
22
16
22
12
22
18
17
15
23
16
16
16
21
30
17
16
27
24
19
16
18
20
21
21
19
20
14
17
22
25
17
24
19
20
21
15
12
25
27
17
24
18
17
16
17
18
25
17
17
20
23
24
17
22
21
17
16
18
18
20
20
17
21
21
17
20
24
16
20
18
24
13
22
13
16
26
21
13
22
22
23
22
23
20
24
16
25
12
14
29
26
17
24
21
15
17
19
22
25
22
15
22
14
20
15
20
13
15
16
20
24
17
15
18
23
24
25
19
20
23
18
23
28
17
29
24
22
24
20
13
23
13
19
22
23
25
21
15
15
22
25
18
24
14
14
19
19
15
21
22
19
15
15
29
17
21
21
21
16
20
21
22
29
16
20
15
21
16
28
27
22
16
18
19
18
21
20
21
21
21
18
21
21
27
20
17
14
14
18
25
25
23
21
15
18
27
20
16
16
16
25
25
19
29
21
25
19
18
26
29
16
20
20
19
17
24
16
23
18
23
13
26
15
22
14
14
22
17
18
19
18
21
15
21
21
17
20
18
27
16
23
16
17
21
15
14
21
16
13
27
22
31
17
23
21
20
27
17
24
20
21
19
22
15
17
22
24
22
24
25
26
19
20
21
16
28
19
21
26
23
24
17
17
15
21
17
19
16
18
16
18
17
12
20
23
20
21
16
20
15
17
25
18
19
17
17
17
24
24
29
19
16
29
16
20
23
14
15
25
18
20
21
18
15
24
24
20
23
15
22
16
18
23
25
25
13
20
20
15
26
21
21
19
16
15
18
18
19
20
22
15
23
14
23
16
16
18
18
13
20
20
21
25
23
12
29
16
15
19
26
13
25
22
21
23
19
25
22
23
31
27
15
