18
17
27
23
33
23
28
27
29
37
33
26
32
28
28
30
26
17
20
21
21
26
31
33
30
34
30
37
20
31
32
32
30
26
24
26
32
34
37
39
22
25
21
30
24
32
28
25
28
18
27
24
24
29
40
36
24
23
27
23
27
27
18
38
29
31
27
31
18
24
29
40
31
25
19
30
32
26
27
32
26
20
25
30
28
24
32
20
31
31
27
35
26
18
32
24
27
35
30
20
37
26
25
24
23
29
28
37
24
32
28
17
22
34
25
31
28
25
16
24
32
29
23
33
22
26
23
23
36
20
35
29
31
29
26
27
21
34
30
22
38
31
24
36
23
21
35
26
26
21
26
41
37
34
37
37
40
25
50
41
21
21
31
28
34
25
48
26
28
31
29
30
32
29
40
29
20
42
30
36
46
35
36
23
40
19
21
25
33
31
29
20
18
21
32
17
31
18
24
28
30
26
37
37
34
36
30
48
31
25
31
30
27
28
24
32
36
20
19
27
23
38
25
28
35
24
32
44
23
27
36
38
21
28
28
24
31
28
26
34
31
27
38
32
34
34
24
34
43
35
25
36
24
35
37
40
41
30
23
29
27
33
21
36
41
27
20
29
20
23
48
36
42
27
25
32
26
38
32
36
34
25
30
27
29
20
52
27
34
29
22
34
29
38
45
21
25
16
33
43
32
22
27
27
19
23
35
43
25
43
28
35
30
39
40
31
31
24
34
33
27
35
30
35
23
31
39
33
25
27
41
21
31
20
30
36
35
24
42
38
19
24
