24
20
18
28
14
20
21
18
26
24
21
22
22
25
30
20
21
22
20
18
16
16
22
24
20
18
17
14
21
20
15
24
23
21
23
21
24
25
30
17
17
19
17
18
21
27
32
25
25
24
24
26
17
20
21
21
22
23
16
20
15
22
22
18
16
15
23
23
16
21
10
24
23
16
21
23
23
23
20
26
15
21
20
13
17
20
18
18
17
15
15
20
23
19
17
26
25
20
21
25
21
16
15
21
20
25
19
19
24
15
18
16
24
19
18
22
15
20
22
24
18
29
18
15
22
21
23
22
21
18
20
23
14
18
24
20
21
21
24
18
17
15
14
25
18
24
18
21
23
13
17
17
19
24
25
25
28
19
19
22
19
32
28
16
17
26
18
25
20
29
22
18
27
28
20
31
27
25
24
28
27
17
19
23
22
23
17
21
27
18
27
15
17
18
17
20
29
20
17
15
22
18
28
18
16
18
27
26
19
41
26
22
17
23
24
23
33
30
31
32
21
18
21
28
26
25
22
30
21
23
21
27
24
17
26
32
29
24
35
22
20
17
18
17
21
22
27
18
25
20
21
21
21
25
15
21
18
23
28
21
28
16
21
35
22
16
13
24
25
27
31
21
23
24
24
19
30
18
25
23
29
23
29
24
26
19
23
26
23
20
20
27
17
29
27
17
16
26
21
23
16
23
27
16
29
22
20
22
18
26
31
15
34
22
23
28
25
31
22
20
18
30
23
21
23
20
15
19
19
24
26
20
25
25
30
24
20
19
19
27
24
21
31
24
25
19
9
20
19
28
21
16
17
20
31
18
30
29
24
23
22
13
29
34
21
24
24
22
29
26
28
34
31
30
29
19
25
29
23
25
29
19
19
25
20
22
23
32
23
23
23
27
25
25
26
26
15
23
33
30
22
28
18
28
24
28
27
21
19
30
26
17
27
16
31
24
24
22
16
22
33
30
16
23
21
16
17
25
26
16
14
21
35
33
34
29
28
23
19
31
17
20
13
42
19
29
25
30
