17
5
13
19
9
8
17
6
7
10
6
9
15
7
13
10
9
9
15
10
13
13
15
13
10
7
16
9
13
10
15
15
9
8
10
14
13
9
13
7
7
11
6
11
10
8
9
13
9
16
8
6
12
16
10
8
6
11
16
16
6
14
12
12
17
12
11
4
9
8
16
12
16
11
11
17
11
10
19
12
8
15
11
9
8
9
8
12
8
8
15
11
8
9
8
6
5
8
16
9
13
9
9
10
18
8
6
15
11
7
23
15
9
11
7
6
9
8
9
13
8
9
9
5
11
9
7
15
7
9
12
6
8
6
9
2
9
15
12
13
8
8
15
10
10
13
9
7
12
7
10
11
7
18
11
9
14
9
13
16
7
14
11
9
8
14
8
15
17
10
9
7
11
11
17
12
8
10
8
13
11
8
13
15
13
15
9
11
9
12
9
14
10
7
14
11
9
16
7
12
18
6
11
10
14
13
5
6
11
8
15
12
14
12
16
7
17
15
12
9
12
10
13
16
5
16
12
5
9
16
11
14
7
9
15
9
8
15
11
9
17
11
10
12
7
10
12
13
13
20
13
14
18
12
13
15
11
11
9
10
11
15
16
15
12
16
18
9
13
15
10
9
26
15
13
19
7
16
22
12
11
25
11
19
14
19
7
20
8
7
10
12
15
17
12
7
13
12
13
17
12
7
12
16
12
20
15
10
15
15
13
12
12
19
13
14
24
14
16
25
15
13
25
14
16
17
12
6
21
10
10
25
14
15
25
10
16
16
10
15
17
20
9
14
13
11
10
15
13
16
8
13
13
9
12
18
11
12
11
9
12
11
12
21
19
9
16
16
8
18
11
18
21
12
10
16
10
6
23
9
10
18
15
8
19
7
8
30
14
8
15
8
10
23
14
11
15
8
12
20
11
10
10
12
12
14
14
15
16
8
20
8
14
19
11
10
24
13
7
17
9
8
17
9
14
11
10
15
12
13
13
22
12
12
22
16
12
19
15
15
13
12
15
10
14
18
22
18
10
21
9
12
13
9
17
15
13
30
10
12
27
14
12
25
15
17
23
12
14
25
12
8
14
7
10
15
10
9
21
8
9
17
13
13
12
12
14
20
11
17
23
14
11
15
11
11
20
11
14
12
16
14
12
18
27
8
11
19
5
12
21
13
15
18
12
10
28
11
13
17
13
8
20
12
11
17
11
15
20
9
15
16
10
9
21
11
13
15
14
15
16
10
14
15
14
17
13
15
23
12
17
23
13
13
25
16
13
25
14
11
18
13
10
14
16
13
13
12
12
14
9
12
17
15
20
12
15
14
15
14
14
13
11
14
20
14
13
12
7
13
17
14
17
9
13
18
13
9
32
16
13
20
11
11
18
16
7
20
10
8
16
11
9
16
10
11
13
12
11
13
7
11
17
14
7
14
11
19
17
11
15
20
19
13
9
12
22
15
18
18
15
10
20
12
14
28
16
16
23
10
12
16
12
12
18
11
9
15
9
11
20
9
17
23
11
7
15
10
15
15
10
9
12
11
10
18
14
17
15
16
12
15
10
16
16
8
24
14
7
23
16
13
24
15
16
20
12
11
18
16
9
16
6
8
16
12
13
17
14
12
14
8
13
16
6
15
15
9
13
14
12
6
14
7
20
19
12
11
13
12
18
17
12
24
9
13
27
5
5
31
11
15
14
13
15
19
9
19
21
8
14
15
12
16
21
13
16
15
15
16
21
16
14
21
