19
28
12
18
14
17
12
19
19
18
11
15
15
14
16
20
18
14
19
15
16
14
14
17
19
16
20
16
15
17
19
18
13
15
20
12
20
24
22
16
14
11
15
22
11
15
13
16
15
18
11
11
19
14
17
13
21
16
17
18
17
17
16
19
19
13
18
22
15
15
16
21
21
15
19
17
24
20
15
18
19
15
18
18
15
17
12
15
18
17
15
16
15
26
14
20
11
12
16
16
12
23
14
19
14
13
20
15
18
13
19
16
18
15
17
23
14
15
17
14
14
15
15
15
17
12
13
17
18
15
16
16
18
19
18
17
16
12
12
19
18
12
15
20
20
23
20
14
12
16
18
14
18
18
13
15
18
20
18
22
13
22
26
17
15
14
12
12
16
13
19
20
12
16
16
10
18
17
18
21
13
12
18
15
19
12
15
9
18
17
16
18
17
12
13
16
15
13
14
17
12
25
13
12
14
15
14
10
17
18
14
29
15
12
26
16
15
13
22
14
10
16
14
19
15
21
15
13
18
11
13
18
16
19
21
14
15
20
18
17
21
20
17
18
18
20
20
20
15
21
17
17
15
17
22
16
19
20
14
21
24
14
19
23
22
15
23
18
23
19
10
14
16
17
19
15
19
18
18
20
19
17
19
18
13
14
12
15
17
19
20
14
19
15
18
18
22
23
17
20
11
14
10
19
15
15
15
23
19
14
22
14
18
14
19
19
19
21
14
21
15
13
19
10
21
13
15
20
16
24
14
17
12
11
14
24
12
18
20
18
24
14
16
20
21
19
21
18
14
17
21
16
15
19
20
23
18
19
22
18
29
15
20
26
15
25
23
17
15
25
15
14
22
20
20
23
16
17
19
12
21
17
14
18
22
15
19
17
13
21
18
15
18
16
16
18
25
19
16
16
15
14
20
13
24
21
19
21
15
21
18
16
13
21
17
20
24
17
26
21
12
17
16
15
23
19
14
13
19
16
8
18
19
16
18
19
12
21
12
12
16
18
17
21
11
21
18
18
27
17
17
16
18
18
20
22
20
21
13
17
16
18
16
18
22
14
23
17
18
18
17
19
13
18
16
21
25
19
18
9
18
22
24
15
16
19
18
19
14
19
11
17
19
15
14
23
17
20
23
19
16
21
23
14
20
21
18
22
20
16
16
9
14
18
16
15
18
14
22
24
21
26
16
18
17
18
18
14
18
15
12
12
18
21
19
13
19
16
16
13
15
19
18
20
13
19
13
22
26
13
10
19
18
22
22
19
17
27
15
15
21
20
12
17
22
19
19
9
19
20
24
16
24
17
16
15
17
21
19
11
12
22
