22
18
19
12
14
16
22
11
17
17
13
18
12
18
15
10
14
17
17
19
16
20
15
19
15
13
18
18
16
19
20
14
15
17
16
18
23
16
21
18
23
16
21
19
17
16
16
19
16
19
14
20
17
17
17
11
12
19
20
20
19
18
12
20
25
16
22
18
20
14
16
20
16
18
19
23
20
16
18
18
20
25
18
18
15
22
22
15
14
20
20
18
18
14
16
25
11
22
19
20
11
14
10
16
17
19
20
22
16
19
17
16
21
19
19
15
17
16
13
10
12
20
14
23
22
17
18
17
24
17
17
18
19
21
16
22
20
15
20
17
18
17
20
18
20
16
19
26
18
19
16
14
22
18
9
19
17
15
19
19
18
19
19
14
24
18
15
20
9
21
18
23
16
17
22
19
18
14
19
19
19
16
19
16
18
19
11
18
22
19
20
11
22
18
18
14
21
16
15
27
17
22
17
14
18
14
16
17
19
21
24
21
18
15
22
24
16
17
20
18
21
16
21
20
15
14
18
22
13
20
22
17
17
18
17
21
13
16
16
16
16
20
17
18
19
24
16
15
20
19
19
24
14
17
21
12
14
19
13
14
21
26
14
20
22
22
14
18
24
17
17
10
16
21
17
16
19
21
16
18
20
21
13
30
19
20
23
26
23
15
17
18
18
20
19
21
19
15
26
12
14
15
19
21
18
11
18
14
20
24
18
19
26
20
17
21
18
26
16
15
18
28
18
24
23
19
19
24
32
20
17
23
13
25
18
14
23
19
14
24
26
19
19
16
10
20
28
18
20
21
16
17
18
20
15
26
18
17
24
16
14
18
31
22
17
25
21
18
20
17
15
30
13
19
25
22
21
22
15
20
17
18
15
21
20
25
19
23
21
26
21
18
23
14
21
23
23
23
21
18
18
20
21
19
18
19
35
18
20
20
25
16
18
28
18
22
14
19
25
22
19
27
26
27
26
16
19
16
21
16
23
24
17
13
18
17
23
19
22
25
19
25
19
21
18
17
22
24
24
22
18
21
20
36
24
23
22
23
21
20
27
23
30
19
25
25
21
19
20
18
18
22
20
28
20
20
22
18
23
17
28
21
17
23
20
22
21
19
24
17
18
22
22
20
19
17
11
18
21
20
23
23
22
26
21
19
30
21
24
28
16
23
21
19
23
21
25
21
16
18
18
22
18
21
20
21
