50
50
54
56
47
69
34
59
54
52
54
54
55
63
50
57
57
64
52
53
49
48
63
50
55
47
51
56
68
46
57
56
55
61
56
56
62
68
70
62
53
71
58
55
60
63
62
62
62
51
65
57
60
51
49
59
60
52
47
61
57
49
60
59
44
72
53
52
59
59
57
66
51
36
50
49
56
61
63
65
60
66
63
46
48
60
73
58
61
43
59
52
58
53
60
63
59
57
58
58
49
49
45
46
67
56
58
60
55
60
65
52
58
61
60
56
64
53
63
61
56
39
66
56
58
73
64
68
67
56
62
61
63
55
78
69
57
59
56
57
53
66
53
66
62
71
70
58
59
56
60
63
67
63
60
63
77
68
57
64
70
62
60
68
56
67
53
57
73
52
63
53
54
