25
9
14
11
12
17
14
8
11
13
10
13
15
9
10
12
13
10
13
18
14
14
18
11
12
13
20
7
20
10
13
14
13
13
18
9
13
20
8
11
18
12
6
18
11
13
9
9
8
9
17
14
8
6
13
14
12
7
14
9
16
11
9
16
12
8
16
12
11
17
10
9
18
12
14
15
11
11
16
13
13
18
8
11
19
10
11
19
10
9
14
14
10
17
13
17
16
9
14
10
9
16
10
8
15
10
10
17
9
17
20
11
12
12
10
9
13
9
11
16
15
9
14
14
10
15
14
11
16
11
12
17
8
9
15
10
10
9
7
18
8
10
21
11
14
18
14
12
21
17
14
20
11
13
16
11
10
14
13
11
11
14
9
19
14
12
15
19
11
16
9
5
18
12
10
18
6
11
21
8
12
10
11
17
11
11
17
15
10
20
15
11
15
13
16
8
9
24
11
13
11
19
8
14
15
10
7
24
15
9
14
13
14
19
12
15
9
11
8
11
17
18
14
7
10
14
16
12
22
11
18
14
10
16
15
12
22
12
11
26
9
15
20
12
11
20
11
11
17
11
10
18
9
10
19
16
15
17
14
13
22
11
9
18
12
5
22
7
14
16
11
10
12
15
13
16
12
15
15
12
24
8
14
25
10
17
21
14
20
22
14
14
17
13
10
19
15
15
20
18
8
20
14
13
12
14
12
18
6
10
15
11
11
28
19
12
11
15
13
10
9
14
20
11
23
17
15
24
18
11
19
18
17
23
8
13
17
13
15
23
15
14
21
11
9
14
16
13
19
12
13
17
18
12
14
7
13
16
13
17
15
6
9
17
7
13
13
12
18
12
15
19
21
14
20
13
12
27
12
15
23
6
15
24
10
10
20
9
12
16
15
11
14
13
6
15
14
13
19
9
16
17
10
10
20
11
11
19
9
11
9
13
18
13
11
19
10
15
15
15
8
23
17
17
21
11
13
17
13
14
13
10
10
16
14
13
15
9
15
18
14
15
14
13
6
15
12
16
16
11
5
16
6
11
9
10
17
16
15
23
9
11
16
9
15
26
13
13
22
15
12
13
15
11
20
9
7
20
12
14
21
17
6
22
12
14
18
10
22
17
10
11
19
8
11
12
12
11
10
14
13
20
10
14
13
12
21
10
9
18
10
15
21
7
13
14
11
7
22
11
13
11
12
11
17
8
15
22
11
10
11
16
16
15
10
13
15
8
12
14
13
16
20
15
13
14
24
18
16
9
27
14
8
24
11
10
19
12
10
25
12
10
16
11
13
24
12
11
14
14
10
15
12
21
27
20
14
19
4
8
10
10
14
17
11
15
16
14
17
10
14
15
14
9
19
12
17
21
13
7
20
12
16
18
24
15
22
11
14
12
12
15
17
11
9
24
12
13
17
8
12
19
18
13
16
12
9
20
12
10
13
13
13
16
11
17
17
13
18
15
6
22
14
13
22
13
18
21
14
13
20
9
14
16
10
16
13
9
13
19
12
10
28
12
13
17
9
13
8
13
11
18
13
6
14
7
14
13
11
12
15
11
12
14
12
13
19
14
25
18
16
23
14
14
20
12
15
18
8
15
17
15
11
10
12
7
26
7
10
19
14
9
19
16
8
13
10
7
12
11
11
19
11
9
13
21
