31
25
28
24
33
25
27
28
27
31
25
18
25
24
36
17
29
24
30
35
22
24
29
27
22
32
24
28
20
21
21
22
19
20
23
29
19
25
38
23
28
20
29
19
21
17
30
27
25
23
22
27
24
25
28
21
23
22
32
21
25
29
21
20
27
21
23
24
29
20
19
28
28
27
19
31
29
28
27
30
28
26
28
27
28
23
27
15
23
24
22
24
23
21
24
34
33
15
20
26
27
24
29
20
23
22
20
24
26
20
26
24
25
27
21
21
20
33
22
19
24
26
33
19
25
30
21
25
25
26
29
16
22
19
26
23
18
24
25
27
25
29
21
33
30
24
17
32
22
22
28
18
22
24
19
28
25
19
25
21
27
23
23
22
20
19
14
29
17
20
22
26
26
30
29
20
22
21
20
31
35
30
28
13
25
27
20
20
23
24
23
26
18
20
24
15
24
20
27
27
21
27
26
26
19
34
21
26
20
29
21
20
30
24
23
28
33
25
26
32
21
33
28
24
35
32
31
38
33
22
33
34
42
20
20
29
30
29
19
28
23
24
39
26
32
30
23
22
31
32
34
29
19
32
23
22
35
32
22
30
30
32
26
31
19
23
23
22
35
26
25
40
29
25
31
36
21
35
33
39
31
26
20
19
35
25
19
30
32
33
28
28
31
28
22
29
26
31
24
28
30
21
23
27
32
31
26
32
26
23
26
31
29
30
28
25
24
25
27
23
22
25
28
36
28
31
19
31
31
27
32
27
34
34
28
25
38
28
26
31
28
30
21
33
23
27
20
30
18
29
27
29
26
32
22
20
21
34
33
23
25
24
28
22
26
24
19
14
31
33
28
30
32
29
24
26
19
37
26
25
33
32
24
30
27
33
