33
13
15
13
13
24
8
11
22
12
12
17
16
9
17
21
11
18
17
15
14
13
13
12
24
14
18
13
18
12
20
16
12
14
16
9
13
22
18
19
20
22
19
22
23
16
18
15
17
17
19
16
20
11
18
21
21
21
22
19
16
23
16
12
22
18
16
21
15
26
26
11
24
19
17
16
20
15
16
16
25
25
11
17
19
13
20
14
14
20
25
16
27
18
15
16
23
10
20
17
18
21
23
23
10
12
15
19
20
25
15
22
20
14
12
21
18
15
13
12
20
19
14
21
9
20
19
10
18
14
28
17
15
23
22
17
19
12
18
10
37
25
12
27
12
17
17
18
18
19
10
17
23
19
13
24
16
12
26
14
10
14
16
15
14
12
15
21
24
21
25
19
17
17
19
18
14
18
12
19
18
18
19
24
19
20
20
25
17
15
28
14
16
18
22
13
16
15
15
20
13
28
21
19
21
18
14
18
24
22
21
16
16
12
20
26
17
22
21
21
23
12
20
20
14
16
21
20
19
19
18
13
21
18
14
14
21
12
17
19
25
22
18
26
15
19
22
14
18
15
15
16
22
15
12
18
21
20
20
18
19
23
18
19
16
19
13
20
13
13
25
17
19
23
12
17
23
16
21
13
15
14
23
18
11
27
13
25
19
16
19
20
16
19
19
13
21
16
19
20
25
20
36
11
21
26
16
18
25
19
25
22
17
15
19
17
18
31
19
14
16
24
12
16
18
19
16
12
14
21
18
8
13
16
21
16
15
13
17
17
15
24
14
22
20
12
22
17
17
19
15
22
25
21
21
19
18
17
28
12
26
27
20
16
25
20
22
21
15
16
21
13
15
15
13
20
25
18
26
22
17
14
15
19
13
16
17
22
25
12
17
19
16
23
21
17
21
17
18
13
19
20
14
15
19
16
20
16
20
15
14
21
20
18
15
21
24
19
13
19
19
18
15
20
14
10
24
13
20
20
13
26
28
18
18
15
13
13
28
17
16
26
17
15
21
27
14
22
20
17
25
18
24
20
19
20
28
14
17
11
27
24
20
12
19
16
15
14
10
4
27
22
19
22
26
24
17
28
10
10
25
11
13
19
15
24
18
17
26
16
14
29
19
18
27
10
19
23
14
18
25
19
16
29
22
12
21
13
16
18
19
14
21
22
16
23
22
17
20
16
17
15
15
21
20
14
19
18
21
17
17
19
13
21
14
12
15
12
20
20
14
14
17
8
23
19
20
27
17
15
23
15
21
