56
44
51
54
33
39
57
36
50
41
52
47
48
41
44
41
42
46
46
43
58
43
47
43
50
43
39
50
39
47
41
63
41
43
41
49
36
50
52
53
38
43
34
45
40
47
45
47
35
41
46
46
37
46
51
40
56
44
41
42
43
44
52
48
45
47
44
36
52
45
46
49
50
33
44
47
38
53
57
37
46
46
47
50
41
34
55
44
36
46
34
37
46
46
52
44
40
43
50
27
47
34
43
54
41
39
35
40
35
45
41
51
46
46
48
29
49
57
40
45
36
39
55
46
48
33
44
47
51
45
41
51
40
54
42
40
34
35
55
43
46
57
42
37
62
37
44
50
43
54
45
52
55
44
39
53
46
44
47
45
38
56
48
53
43
38
44
32
38
42
48
49
41
42
60
44
39
41
59
40
50
40
42
48
43
52
41
51
42
42
32
49
54
48
50
39
42
45
38
52
45
44
38
50
42
36
55
44
44
42
46
45
39
50
53
40
48
35
49
47
50
50
41
57
