23
11
11
22
15
10
25
9
9
23
21
14
19
10
10
12
12
9
19
18
14
10
15
15
17
21
9
20
12
11
16
15
19
16
17
26
13
14
25
10
12
24
13
12
26
12
19
20
17
10
26
7
15
23
14
8
21
7
10
21
15
14
19
14
11
15
16
12
13
14
13
14
14
13
21
12
17
19
9
14
12
14
16
7
11
25
15
12
23
12
15
21
11
12
21
11
11
27
16
8
25
11
11
17
10
14
12
11
14
18
12
17
15
12
14
16
8
14
12
11
9
25
14
12
17
7
18
25
12
13
17
11
17
8
9
24
8
12
24
9
10
15
12
12
20
13
9
21
11
11
19
16
15
20
11
12
25
14
10
20
11
16
14
20
10
18
15
13
12
14
7
15
10
10
15
13
11
14
11
15
15
17
16
17
14
24
12
11
22
11
17
20
11
10
19
12
10
17
11
12
22
13
13
19
12
13
21
7
16
22
13
11
17
7
14
11
9
9
11
10
12
26
13
11
14
10
12
17
14
6
15
13
17
13
12
13
11
15
17
13
16
16
16
22
20
13
14
22
10
12
24
11
14
29
6
14
19
10
10
21
13
8
14
9
8
9
8
10
15
11
10
15
13
9
10
12
9
13
12
12
15
6
11
19
12
19
19
16
15
14
9
16
9
5
19
9
10
23
14
9
25
20
14
18
13
7
22
11
8
17
18
12
17
8
14
17
14
7
12
13
17
15
14
6
16
18
20
20
10
15
13
12
7
13
12
18
12
12
14
23
13
13
14
14
16
14
8
24
16
11
20
15
13
17
17
9
17
14
11
20
19
12
17
15
9
18
14
7
14
12
15
12
12
11
11
16
12
17
13
10
15
11
14
16
12
11
16
13
15
18
13
8
13
11
19
18
9
15
12
13
17
13
11
18
15
11
13
13
11
29
10
6
20
7
13
17
15
12
24
8
16
17
12
9
14
11
10
26
12
12
16
8
9
11
8
6
17
13
8
19
8
8
15
16
12
15
10
15
12
12
21
10
15
22
15
18
16
8
18
10
10
21
12
13
18
10
15
18
17
7
19
13
13
22
14
15
14
15
10
18
14
11
14
14
9
13
14
16
15
5
9
15
7
11
23
6
9
18
17
9
14
14
7
19
14
8
14
14
12
19
18
15
8
15
17
10
12
14
15
10
18
14
11
22
8
11
17
11
8
19
13
8
21
16
20
23
13
12
14
15
8
12
14
8
19
9
9
18
13
8
13
11
10
18
7
13
10
13
14
16
16
9
14
5
13
14
18
14
16
9
22
16
11
24
10
14
32
10
7
24
10
16
15
12
10
24
13
12
21
5
16
17
11
16
21
12
8
12
12
15
12
10
7
15
18
10
16
9
15
17
9
11
17
10
14
22
13
14
18
13
11
14
14
18
13
9
18
10
13
21
24
12
20
7
10
24
12
13
18
14
11
17
9
13
16
12
12
19
16
12
18
14
12
20
14
10
18
10
16
19
14
20
15
14
10
18
15
11
23
8
10
15
16
18
20
13
13
17
23
14
14
11
24
15
14
21
10
14
18
21
16
27
13
14
20
16
12
21
13
16
22
12
12
16
16
