28
20
19
14
22
17
19
22
19
17
14
19
20
15
19
20
28
22
18
21
25
25
23
20
13
26
24
18
21
18
19
17
24
28
22
19
31
18
20
25
29
20
19
17
23
22
19
20
19
23
17
15
15
15
21
20
21
20
22
20
24
18
26
18
23
12
18
22
24
15
28
16
21
16
20
25
25
22
18
19
23
21
21
23
15
23
20
20
20
19
21
16
17
22
29
27
21
21
16
19
17
23
25
18
19
31
18
22
16
22
18
21
24
20
22
17
20
21
12
23
14
27
13
26
20
20
16
15
17
21
27
23
23
19
19
23
20
18
26
14
20
21
20
16
20
15
20
20
21
15
9
16
25
19
17
23
13
18
27
16
20
16
21
19
19
25
19
23
21
18
14
24
17
22
30
20
23
21
17
14
25
21
24
17
24
22
23
15
18
20
18
22
17
14
14
20
18
24
20
10
15
26
30
24
19
26
22
29
22
23
25
28
17
19
24
23
25
20
30
26
21
26
27
30
22
30
23
29
29
25
26
19
17
24
23
21
22
23
18
21
24
25
24
29
23
25
16
22
27
30
16
17
21
23
21
19
25
32
15
24
20
15
21
24
20
21
22
31
29
18
22
24
24
21
20
24
24
24
23
15
30
22
24
21
20
26
37
28
21
27
16
22
35
22
20
24
24
21
26
19
27
25
19
27
20
20
24
26
25
20
29
25
27
27
21
23
19
27
18
26
14
26
17
31
30
18
22
20
24
22
21
16
17
19
23
23
16
20
28
22
22
25
22
29
23
26
28
22
27
20
21
20
28
22
20
15
24
25
21
27
22
22
20
22
20
24
20
23
22
25
25
22
26
18
26
26
29
15
16
19
27
23
16
23
28
19
24
22
17
14
29
17
16
24
24
23
20
29
29
25
30
19
32
29
34
20
24
21
20
17
25
27
21
27
25
18
23
29
27
19
29
19
20
21
24
27
24
20
22
18
17
27
17
17
24
26
15
27
19
27
21
14
22
22
18
22
25
13
20
27
24
23
17
24
29
24
28
20
23
20
23
