26
12
15
15
7
13
15
10
12
16
10
17
12
9
13
6
4
12
11
13
14
10
9
12
19
14
7
6
15
11
11
16
16
13
16
11
7
32
20
14
11
10
10
14
8
9
13
10
10
15
14
13
16
10
16
9
4
10
12
15
19
12
6
15
10
6
10
9
6
22
12
8
12
8
9
13
12
11
12
9
6
6
6
12
19
10
13
5
11
16
6
8
16
10
8
15
11
10
11
11
14
21
12
18
16
10
12
17
10
19
18
15
18
13
12
17
15
11
11
10
10
14
5
9
22
7
8
13
9
11
12
12
12
11
10
10
15
14
14
16
10
12
14
10
12
11
15
12
20
13
13
18
18
11
12
15
20
13
12
15
11
11
19
10
14
17
10
11
15
9
10
20
9
12
12
7
9
17
12
12
12
10
11
8
18
17
10
8
11
14
5
9
14
10
12
10
12
17
14
10
11
8
14
16
13
14
13
12
8
14
9
12
15
12
11
15
11
15
10
16
10
15
13
17
12
16
23
14
12
23
11
15
12
14
10
23
13
18
24
10
8
20
18
18
12
9
14
14
7
13
12
15
16
15
10
10
17
15
10
10
11
13
13
10
12
13
19
10
23
8
11
14
9
9
15
9
10
17
8
12
13
15
14
11
8
21
13
14
22
15
12
12
11
14
19
9
12
19
8
9
19
11
14
11
10
10
14
11
11
13
12
9
14
12
8
12
13
12
18
18
13
12
7
8
14
12
12
14
16
14
14
11
16
13
11
12
8
9
20
5
10
14
13
11
24
10
13
22
11
16
23
9
10
18
11
11
23
14
15
21
16
10
15
11
8
17
20
9
17
9
8
19
10
10
12
13
11
17
12
13
17
19
14
23
18
11
18
12
15
8
15
22
15
9
23
10
10
22
8
6
22
8
11
18
14
10
16
14
11
26
13
8
21
13
15
16
10
13
16
13
11
14
12
11
16
16
13
15
12
10
20
12
10
17
9
11
19
14
13
14
20
16
8
9
14
18
15
20
14
12
22
12
12
28
16
8
22
10
17
19
13
7
16
12
12
25
11
11
17
13
13
16
11
10
13
18
11
13
15
11
13
10
13
13
10
16
17
13
9
16
7
10
20
13
17
17
12
13
13
10
11
11
10
28
10
9
27
11
11
21
10
13
19
8
11
19
5
6
16
13
11
16
12
15
13
12
10
16
11
8
13
13
12
16
16
8
17
7
7
10
8
13
13
6
8
11
11
8
18
8
13
13
13
21
11
17
27
13
7
16
15
12
18
16
14
9
10
8
24
12
14
25
7
15
16
14
14
14
12
12
19
15
15
15
11
11
19
10
13
17
10
11
19
10
14
11
15
9
15
17
10
21
10
15
16
7
19
10
10
17
8
11
19
10
14
19
12
12
23
11
13
14
13
10
39
21
12
20
12
6
16
12
7
18
16
11
16
8
10
12
13
10
16
8
11
11
8
7
12
8
19
13
11
10
14
14
14
14
8
14
16
15
14
8
14
22
13
14
26
11
12
25
11
19
22
14
15
16
13
21
20
6
12
12
7
17
12
8
16
9
13
11
16
15
13
14
10
6
18
4
10
12
13
17
12
14
11
12
14
16
19
16
9
13
12
10
20
13
10
10
10
13
12
8
23
15
11
20
10
12
19
18
11
14
14
13
28
12
13
22
10
12
19
7
8
20
15
6
13
17
7
24
19
13
15
9
8
11
