7
13
10
12
23
8
11
21
17
16
28
13
15
20
9
16
17
11
12
22
10
11
17
10
9
14
11
9
20
8
20
16
11
10
16
12
18
22
9
14
17
10
19
15
11
24
14
16
20
15
14
30
11
20
24
12
13
27
13
12
26
10
14
20
12
10
21
15
13
18
13
9
15
13
8
15
8
9
15
11
16
12
12
11
18
11
22
18
12
24
13
9
21
18
14
21
14
16
19
15
12
25
12
13
17
15
16
18
11
19
19
15
12
26
11
13
13
11
12
26
10
12
16
10
14
17
17
9
16
10
9
17
12
12
10
14
15
18
16
14
14
9
14
12
13
17
20
9
23
15
14
27
11
9
15
16
7
23
13
15
23
13
16
20
11
11
22
10
10
20
15
12
17
9
12
16
12
10
16
10
12
15
12
10
17
17
11
12
10
9
11
8
14
14
15
16
16
10
17
13
13
21
18
16
18
13
13
19
8
13
20
14
7
22
14
12
19
18
10
16
10
15
22
12
7
17
13
10
21
9
10
19
12
15
13
11
13
16
9
16
16
16
10
17
11
10
15
15
14
12
16
20
13
17
24
12
12
20
13
15
24
22
11
19
9
13
17
11
10
16
9
9
17
13
9
18
15
14
15
13
11
18
14
13
16
6
14
14
14
12
10
11
13
19
11
8
15
13
9
12
13
12
20
12
11
15
14
14
6
18
11
14
8
21
15
11
21
19
9
15
12
8
16
13
12
18
10
12
16
9
11
19
12
16
27
11
10
15
13
14
19
9
14
18
20
8
14
11
9
20
12
12
14
13
10
11
9
13
14
19
13
21
11
15
15
13
20
17
14
21
8
15
23
9
17
21
16
14
19
18
13
16
14
22
21
10
16
11
7
13
17
9
9
17
10
11
19
11
14
17
9
10
13
12
7
17
14
11
15
11
11
12
13
12
15
11
26
16
8
16
13
16
21
10
13
24
8
13
22
15
8
23
7
12
25
9
16
27
10
8
14
11
11
13
10
11
17
9
13
17
9
11
12
12
9
13
11
9
19
8
8
12
9
11
20
13
11
18
11
19
12
14
22
19
20
21
12
12
19
16
11
21
9
9
22
11
15
20
11
11
14
13
11
22
18
17
19
12
15
11
19
10
22
12
15
18
9
19
13
16
9
14
12
7
17
13
8
20
11
15
15
16
17
14
9
20
12
6
12
8
15
23
21
12
12
13
11
17
15
16
28
8
15
23
14
13
14
7
8
17
13
9
21
15
16
8
15
12
17
11
13
13
10
16
15
9
8
15
15
10
17
11
13
16
13
11
16
12
26
16
14
22
9
15
12
10
9
23
12
15
24
14
10
19
11
8
23
14
9
17
13
10
17
9
12
19
11
11
13
10
12
24
15
21
20
11
14
17
14
14
11
10
10
16
16
16
15
8
15
10
15
13
21
12
24
14
10
24
12
11
24
14
14
22
13
23
22
15
12
16
14
14
16
10
14
15
16
9
18
14
10
17
11
14
16
9
13
15
11
15
17
8
10
13
10
12
17
13
10
15
12
8
16
9
12
15
18
10
11
12
16
14
8
17
9
12
20
8
13
24
4
8
24
12
