25
19
24
27
34
27
26
37
30
31
35
38
31
33
34
30
29
28
34
35
32
33
35
31
31
30
35
29
37
33
37
27
35
31
24
36
34
32
37
28
28
34
30
29
37
29
35
23
30
34
40
31
33
32
42
31
36
33
29
29
34
40
35
27
32
33
33
34
23
37
39
28
29
29
31
31
31
31
35
28
34
33
31
41
32
38
38
34
32
43
40
39
31
38
38
36
33
36
36
39
38
32
34
34
37
29
32
38
34
37
31
40
33
34
34
34
42
32
29
49
37
26
42
33
33
36
33
27
33
26
39
38
34
28
29
28
30
36
30
41
38
30
30
31
35
43
29
33
38
32
28
38
29
32
39
37
39
41
35
36
27
33
34
33
27
37
36
31
37
46
38
42
31
27
38
28
29
33
42
35
44
38
28
41
33
33
30
35
41
50
26
37
42
38
39
42
34
37
34
33
38
38
29
42
35
36
42
29
41
42
32
32
29
42
28
41
42
34
32
40
34
41
27
46
35
36
33
36
37
45
41
35
30
29
42
39
39
30
36
34
35
33
36
24
40
31
38
37
33
36
30
38
35
33
33
37
32
26
33
37
32
36
33
31
39
36
39
31
39
41
33
32
32
35
30
30
36
36
37
31
38
29
30
33
41
30
43
32
40
39
35
33
34
