11
15
16
13
16
13
15
12
11
18
11
13
20
9
11
12
10
6
15
12
19
20
9
9
14
15
9
15
6
10
12
12
12
15
17
10
17
11
9
17
10
13
11
12
19
9
19
16
11
11
18
12
15
10
9
12
14
9
14
14
11
9
17
11
14
13
7
14
18
10
17
17
16
16
17
14
9
12
16
12
15
13
13
18
11
10
12
6
21
15
13
22
10
11
21
9
14
13
17
9
10
9
11
12
11
6
7
12
6
15
13
10
22
14
11
16
12
9
10
9
8
19
6
10
16
10
10
17
18
10
9
13
10
13
11
12
12
10
22
14
13
21
8
12
18
16
13
16
12
22
15
18
10
22
10
9
18
16
7
16
14
16
16
12
14
13
13
9
15
19
9
17
11
14
13
12
11
21
8
13
13
14
23
12
10
23
19
9
17
17
15
13
19
15
12
22
9
14
10
11
13
14
15
23
12
14
17
11
9
15
12
12
25
17
12
12
15
15
10
13
22
15
12
19
11
12
17
16
9
15
18
12
17
7
12
19
11
8
19
12
8
22
10
12
22
17
9
18
16
9
16
13
11
11
18
8
18
9
17
17
10
14
15
9
16
17
13
20
12
14
24
11
11
16
11
14
22
9
9
15
8
13
18
12
14
17
12
13
11
12
10
20
12
9
20
8
15
15
10
13
16
9
16
21
17
12
14
7
15
16
14
14
15
10
21
11
15
27
22
19
13
17
16
20
10
14
25
11
10
21
14
11
15
19
19
13
15
13
19
8
10
14
11
10
13
11
12
18
12
16
17
11
19
17
10
11
11
18
10
12
8
21
11
16
23
17
18
20
14
18
17
10
12
25
14
15
16
15
9
21
16
11
16
6
13
17
14
9
18
6
15
12
13
13
11
10
11
16
14
16
16
6
14
17
12
26
8
16
20
7
11
20
8
15
14
16
16
13
16
17
22
11
13
17
16
14
20
16
16
21
15
12
11
9
23
12
13
12
13
11
14
20
8
19
15
13
16
15
13
17
11
14
17
13
11
25
13
12
19
16
20
19
13
9
21
6
16
16
8
9
20
9
10
16
11
15
16
14
15
13
10
11
16
11
16
22
15
22
15
16
11
24
7
19
13
16
26
10
11
20
10
10
24
16
17
26
16
21
22
14
22
19
12
11
19
10
21
7
8
13
15
11
8
13
16
15
14
8
11
16
13
10
20
23
19
15
20
11
22
20
15
18
8
15
12
13
23
16
16
24
22
9
29
11
14
22
12
11
20
20
16
18
11
13
14
10
9
7
20
14
19
12
15
13
10
13
17
10
15
10
13
10
15
9
13
15
12
7
12
7
19
14
8
24
16
15
7
13
19
21
9
14
23
12
11
13
7
13
13
10
11
21
15
7
12
15
7
18
9
10
17
12
10
15
10
12
20
8
9
14
16
11
10
5
9
15
8
14
22
8
14
18
12
11
16
14
17
13
10
15
21
15
19
28
10
19
11
11
22
16
20
26
10
15
21
9
10
19
9
9
27
10
13
16
10
9
17
4
11
25
8
7
20
9
12
13
12
11
17
8
9
18
9
10
17
13
17
17
11
9
25
18
10
14
15
8
15
17
15
13
16
16
17
13
