17
17
11
25
17
20
26
19
21
22
20
17
19
19
18
23
24
20
17
18
18
18
17
21
19
20
14
24
20
26
19
16
19
22
20
25
21
26
21
23
18
23
18
20
25
22
26
17
18
18
15
20
16
19
16
21
21
25
18
22
23
18
22
17
19
21
20
27
22
23
25
27
25
21
25
20
25
18
19
15
23
18
24
19
16
20
15
18
29
20
18
13
18
23
22
20
28
22
24
20
25
15
17
26
21
21
16
20
22
22
19
16
19
21
23
24
28
22
22
22
25
24
28
20
17
21
18
19
26
19
17
18
19
25
18
21
27
23
20
18
21
14
26
22
20
23
21
25
17
20
26
22
17
28
29
21
18
20
18
20
18
24
31
29
23
20
19
24
18
19
23
18
17
21
26
23
16
17
12
19
17
16
26
18
26
24
26
23
26
22
26
20
26
23
21
27
24
21
23
18
18
21
22
15
26
18
26
26
20
24
22
22
23
25
22
15
32
19
18
25
26
18
20
24
21
20
25
24
23
25
26
19
13
22
20
21
29
18
24
21
21
19
19
25
23
26
24
24
20
19
21
17
25
21
23
19
24
16
16
25
17
19
19
21
23
28
21
19
30
33
27
26
26
21
25
19
26
21
25
22
29
16
18
19
23
22
26
28
37
14
16
18
24
21
29
26
21
24
19
17
26
26
27
17
21
24
21
17
22
21
20
22
21
22
26
20
16
24
20
17
32
23
19
27
23
20
16
22
21
20
20
23
22
30
18
20
14
23
28
21
17
24
32
30
20
22
18
32
21
20
19
17
20
21
18
19
25
21
24
31
25
28
21
17
27
13
17
21
20
17
29
19
24
25
22
22
24
20
29
29
17
17
23
26
24
21
19
25
27
16
23
16
17
26
21
27
23
22
19
28
27
21
17
29
22
24
20
27
30
23
18
27
24
24
20
18
18
25
21
26
33
26
25
22
19
23
22
21
21
18
25
13
21
22
21
19
16
20
16
14
20
20
27
23
23
21
22
20
25
23
25
25
25
27
20
23
23
17
23
25
21
20
22
