28
9
22
13
14
21
19
16
21
17
25
27
17
19
23
17
12
23
19
22
22
22
16
25
17
17
22
22
17
19
18
18
18
22
17
19
11
15
22
14
14
28
20
21
13
17
32
22
27
23
20
24
22
22
19
18
17
18
20
16
19
20
19
19
16
21
20
18
19
18
24
17
14
26
20
26
15
23
19
15
22
20
15
23
24
18
18
20
16
24
26
19
21
20
20
24
17
21
20
17
24
20
19
15
17
15
30
18
24
32
29
26
18
21
17
20
14
13
20
23
13
26
19
15
19
18
18
19
24
24
18
24
13
22
21
22
21
16
17
20
18
18
11
27
19
17
27
17
20
21
18
24
20
12
18
15
24
16
19
14
18
19
15
16
18
18
23
23
23
29
24
18
17
22
28
25
22
27
19
20
15
25
15
22
23
22
19
28
16
26
25
19
13
21
21
23
26
13
21
21
19
18
19
19
19
19
22
16
22
15
20
19
18
20
18
19
23
21
18
23
18
15
30
24
14
32
15
19
14
27
19
22
15
20
22
18
17
23
22
21
24
22
13
21
21
14
16
16
20
17
23
17
17
17
18
21
21
17
18
16
17
23
21
25
23
15
24
16
15
25
13
21
17
22
23
17
17
25
23
26
22
21
22
15
24
24
16
26
21
14
30
23
18
20
22
19
13
11
17
19
20
18
24
17
24
19
15
23
24
26
22
21
18
24
19
19
23
20
23
29
22
32
18
18
18
17
19
18
20
13
29
19
24
18
15
22
21
27
16
30
27
20
19
18
23
31
20
17
23
18
16
27
15
13
21
20
15
34
16
21
25
20
23
23
23
19
19
20
21
19
21
22
23
17
19
15
21
21
30
17
22
19
20
21
22
19
19
30
16
26
24
18
22
16
17
19
19
16
24
21
18
22
15
22
20
16
15
29
16
19
14
20
23
22
17
22
27
22
22
20
20
18
22
20
16
20
16
21
20
27
13
16
21
20
17
24
27
20
22
25
14
23
22
28
17
19
19
20
20
18
29
22
13
28
19
19
16
19
17
15
23
23
20
19
21
17
23
20
23
21
14
17
21
17
19
20
19
18
14
21
17
19
21
23
21
13
25
20
22
20
22
19
30
21
19
28
33
19
