36
42
29
33
32
39
35
26
32
35
26
32
35
37
38
37
31
31
36
48
30
34
31
27
30
34
44
39
38
29
39
30
35
38
28
33
28
44
32
32
33
44
44
39
33
27
28
38
38
34
29
39
28
48
38
37
46
35
36
27
40
45
29
34
36
33
31
29
38
39
38
45
42
42
33
37
36
31
41
45
35
34
34
33
33
36
30
28
37
48
38
29
35
36
31
37
41
37
35
33
37
48
40
38
50
48
34
33
33
29
46
58
32
28
43
43
35
42
37
32
42
40
35
38
40
35
40
33
38
40
43
35
41
33
39
32
34
42
40
35
45
30
29
32
26
39
36
38
32
33
43
30
35
38
44
31
41
38
42
32
41
39
43
31
51
37
36
39
28
42
42
25
39
37
35
34
36
31
35
36
38
43
26
27
41
32
33
46
26
38
31
31
44
37
37
35
30
40
43
32
41
38
32
22
39
48
33
39
33
28
36
24
31
36
38
33
33
37
36
42
34
36
32
35
42
32
43
31
34
37
47
35
37
41
30
38
31
43
42
46
47
45
46
34
36
33
48
50
28
41
38
27
34
41
39
35
34
34
39
36
30
41
26
52
48
30
33
44
34
32
37
34
37
37
35
38
