18
9
13
17
14
22
12
13
14
18
10
17
16
15
13
14
12
11
14
17
17
14
17
17
15
19
16
15
15
16
19
23
12
14
16
17
19
15
15
18
15
19
21
13
13
18
16
13
15
16
17
18
12
15
20
13
19
13
17
15
21
20
17
13
21
19
22
20
18
16
15
18
14
15
15
15
21
16
21
12
15
15
16
16
17
16
14
21
15
14
19
18
16
14
17
21
20
17
22
13
16
18
22
15
19
23
17
15
15
16
18
21
13
22
25
15
16
22
22
15
15
16
19
24
14
20
11
16
11
17
14
20
20
20
16
18
14
20
17
20
15
17
21
22
13
18
17
17
15
17
18
21
20
16
22
19
19
17
18
15
19
14
17
19
23
17
21
16
13
23
17
21
14
17
16
18
16
24
19
17
23
15
15
20
28
18
17
13
14
15
16
14
17
21
10
21
15
24
19
22
16
13
15
12
16
19
12
23
17
18
21
13
27
17
14
25
16
15
15
14
20
18
17
11
17
21
14
14
15
16
16
14
17
15
19
14
15
17
18
19
14
8
20
14
18
14
14
21
19
11
16
12
15
18
18
11
20
21
16
16
19
14
17
13
19
14
23
12
11
13
21
18
19
17
14
22
13
17
11
17
20
17
19
14
14
14
16
15
19
15
21
20
20
21
20
14
15
16
20
17
18
15
20
15
16
17
18
24
15
13
18
25
21
13
26
21
14
21
26
15
19
18
16
21
14
16
21
24
12
13
13
18
20
17
16
19
21
20
19
23
15
16
21
13
23
16
15
25
16
17
24
14
26
20
17
19
20
16
29
19
25
20
18
24
22
9
14
19
20
20
17
20
12
17
13
13
17
23
15
20
15
21
17
19
21
21
17
13
19
15
24
19
16
18
24
13
13
23
21
18
20
20
23
18
17
16
24
21
22
15
22
22
17
15
15
21
14
20
15
14
16
17
14
22
17
13
16
17
22
16
16
18
23
19
21
18
18
16
18
20
16
19
18
15
18
19
17
17
20
23
21
11
27
23
19
17
12
24
17
18
23
22
18
20
13
16
16
21
19
11
19
17
21
22
23
19
19
20
16
26
19
19
17
15
15
26
17
19
12
18
18
21
18
20
21
24
18
16
13
26
14
15
24
17
16
21
18
17
22
15
22
20
16
20
16
20
23
15
15
18
14
18
21
17
20
19
24
18
20
19
9
18
16
16
13
21
17
14
19
15
12
20
17
24
17
17
21
13
21
18
21
24
19
14
20
27
20
20
22
14
20
19
25
14
13
23
17
22
14
