23
18
28
19
20
21
17
17
18
20
19
19
19
19
13
22
16
18
20
23
17
21
19
21
24
20
16
20
22
21
23
21
20
24
21
20
18
29
25
42
19
18
16
24
20
16
25
19
26
13
18
24
27
15
24
19
20
18
24
20
18
24
23
22
18
21
24
19
18
23
23
22
15
23
19
21
20
22
21
22
20
18
23
20
21
22
21
17
15
27
24
17
25
17
19
19
23
18
20
19
16
19
18
23
21
15
20
19
20
17
17
16
18
17
17
22
18
24
23
19
22
15
23
22
18
22
20
24
21
21
20
18
20
17
22
15
20
25
22
22
21
23
17
19
18
18
20
24
16
24
19
23
20
14
27
18
21
20
25
20
20
23
19
21
18
18
23
20
17
21
26
18
14
21
15
18
24
17
20
20
12
22
23
16
16
23
17
12
22
22
27
20
17
22
18
18
20
15
15
20
19
26
21
21
15
25
22
20
19
18
15
17
23
18
18
17
21
18
22
20
22
24
23
27
22
21
26
19
21
20
22
18
20
20
21
22
18
17
18
17
18
25
19
18
24
19
18
21
20
21
17
21
15
24
19
25
19
22
18
20
14
18
19
26
25
24
18
22
16
19
16
21
19
16
18
21
21
25
23
24
27
19
24
15
20
25
24
28
21
24
22
22
21
22
18
22
15
21
21
22
23
22
18
25
16
16
17
11
16
23
22
18
23
15
28
19
18
25
18
14
28
17
26
15
17
22
22
18
24
23
17
19
22
18
19
24
21
21
29
21
18
16
21
20
25
24
14
22
27
23
20
25
26
17
22
16
21
19
27
23
16
17
27
22
20
19
20
24
26
21
23
24
16
21
21
23
27
25
19
24
21
25
16
20
15
25
23
16
24
24
20
24
23
29
23
21
21
18
22
20
26
19
21
27
25
25
21
19
24
16
19
22
23
19
22
21
23
17
23
24
18
25
18
24
16
23
26
30
24
20
17
21
20
19
19
23
24
23
25
25
25
22
23
21
24
25
27
25
16
18
27
17
26
28
20
21
25
19
18
26
20
20
19
20
26
20
17
22
32
19
26
18
22
22
24
17
20
19
20
18
25
24
27
