27
12
17
22
15
16
16
20
23
20
14
16
13
18
20
13
16
16
18
14
21
16
22
25
15
18
17
21
13
18
21
19
18
10
22
24
24
22
31
16
26
21
20
22
15
18
23
19
14
17
16
19
21
13
18
19
16
23
23
18
20
18
20
24
21
22
21
15
24
24
17
15
22
21
17
24
19
22
27
23
19
28
23
18
23
12
25
22
22
24
25
20
16
24
18
16
25
20
16
23
20
22
22
19
23
21
22
24
19
24
17
13
18
25
16
24
19
17
24
17
19
22
12
16
22
20
19
23
24
19
23
22
21
19
20
25
11
20
19
15
19
13
25
22
18
22
18
16
18
21
21
21
24
16
20
26
21
30
22
21
26
18
17
24
24
20
20
21
18
21
21
22
19
21
15
24
25
16
21
20
20
17
26
16
24
14
24
23
26
24
17
24
20
23
19
15
24
19
28
26
22
14
24
29
25
27
18
16
19
22
31
17
12
22
20
24
22
14
19
23
18
20
25
25
18
21
18
18
27
21
17
22
19
23
32
21
23
24
25
26
29
22
19
25
23
21
26
19
18
26
20
19
21
14
29
22
23
17
25
22
22
19
18
23
27
22
21
27
21
21
20
23
25
17
32
25
20
16
15
20
23
20
18
19
24
20
27
23
22
25
25
17
22
19
23
18
20
16
21
19
18
24
23
25
30
20
21
23
17
20
15
21
24
28
18
18
26
17
22
23
27
20
19
26
26
21
18
23
17
16
20
23
20
16
19
26
26
23
20
27
21
27
19
22
19
19
15
15
19
15
22
15
24
23
22
21
29
22
19
21
22
23
25
21
24
26
21
21
15
20
27
20
19
19
22
20
20
22
18
16
21
19
25
15
30
21
24
22
21
25
16
28
22
21
20
27
18
27
23
14
20
24
24
21
28
20
19
31
20
20
22
15
19
27
27
20
22
25
21
20
18
23
16
22
21
23
18
18
22
24
19
18
20
19
23
28
17
18
17
17
17
17
25
25
25
34
22
22
21
18
18
21
24
25
17
20
18
32
26
27
17
23
21
24
24
23
17
18
26
21
18
32
28
22
26
17
24
20
