20
17
14
26
27
19
25
26
23
15
23
17
20
19
17
23
25
22
30
20
21
23
27
21
24
27
25
18
22
25
22
22
21
25
24
32
27
21
22
17
29
20
25
23
31
17
17
20
31
29
17
19
24
24
23
22
29
19
26
21
22
23
31
23
21
26
23
22
23
27
23
16
37
16
28
26
20
18
18
25
22
27
27
20
21
16
30
16
18
31
23
23
19
27
22
23
24
28
24
24
26
14
20
27
23
22
18
25
17
20
22
21
22
23
21
20
21
27
34
28
21
20
19
22
25
21
21
20
24
20
22
16
25
32
21
19
20
21
25
28
22
26
25
26
27
26
27
29
20
22
24
22
23
28
27
20
18
24
24
20
37
22
24
28
24
24
17
24
26
27
19
25
16
27
18
21
23
22
23
32
22
26
23
23
32
23
23
28
22
22
24
20
21
23
27
20
20
21
24
22
18
23
18
20
26
18
24
20
22
22
18
24
22
27
26
19
28
20
22
22
32
25
30
30
27
27
20
30
29
25
21
23
31
29
29
16
24
29
21
26
22
17
25
30
18
25
25
19
22
32
22
22
28
29
22
17
20
21
26
23
22
23
27
26
28
22
19
28
16
25
20
19
22
28
31
25
28
25
17
22
22
28
33
33
21
19
28
28
26
27
23
22
19
29
23
24
27
17
31
20
26
40
30
24
27
22
29
26
22
21
24
23
21
17
36
29
26
24
23
23
24
22
23
28
25
23
27
30
24
24
23
31
28
21
26
23
23
26
25
28
28
22
24
21
25
38
29
17
24
25
24
22
28
22
26
30
26
23
26
23
28
26
20
27
25
22
20
23
26
25
23
36
24
18
18
21
20
28
19
22
28
18
22
28
26
32
23
16
24
27
30
28
24
22
19
18
25
21
23
25
25
26
25
34
21
21
22
28
21
26
34
22
14
31
25
22
26
29
31
22
25
