22
13
18
19
15
15
19
19
14
19
16
18
18
18
22
17
21
24
15
17
11
13
17
19
16
12
14
16
17
15
16
13
19
17
15
25
17
15
19
19
17
15
15
26
17
21
18
19
18
16
20
15
17
13
11
18
18
15
13
18
12
12
16
15
16
13
16
15
21
13
18
17
18
20
15
13
20
19
19
21
16
16
14
15
12
15
17
23
15
14
15
18
19
11
19
22
15
18
20
17
19
19
14
11
12
25
19
14
16
16
16
17
16
22
21
17
20
18
17
17
21
18
20
20
18
19
18
15
17
18
23
17
15
14
21
16
18
25
14
23
22
13
15
16
19
18
14
16
15
20
26
17
17
19
15
28
21
18
20
17
14
21
18
19
20
19
17
19
14
19
17
17
21
18
16
22
21
21
20
23
20
16
20
19
29
13
17
19
14
10
19
16
25
20
23
27
16
20
22
15
15
16
16
22
19
22
17
12
18
17
15
17
18
20
18
22
20
16
14
15
15
15
15
23
17
17
14
13
20
16
13
14
22
25
20
15
17
18
22
19
12
16
14
17
24
26
15
22
14
16
20
19
21
17
18
15
20
17
26
18
17
19
21
26
20
15
23
16
19
16
25
18
18
24
12
14
22
22
27
21
14
17
20
22
33
26
15
16
15
16
15
16
21
33
17
24
24
19
12
13
12
20
24
27
16
25
18
26
21
24
14
21
14
19
23
20
15
20
19
19
26
17
13
22
17
17
24
18
18
14
28
17
20
17
16
21
15
18
21
14
19
15
16
17
32
23
18
18
26
15
22
22
24
23
17
20
21
22
19
23
21
21
33
10
22
17
16
22
16
19
26
25
15
21
24
15
18
14
18
13
18
20
20
16
24
28
24
22
19
17
18
15
18
13
21
20
20
14
16
32
22
20
15
22
15
24
19
26
22
16
17
23
13
15
16
27
16
25
16
14
21
11
17
21
16
18
20
18
21
22
17
16
16
20
17
18
24
22
12
14
16
23
23
28
22
14
22
20
21
25
19
16
25
15
12
20
27
16
17
16
17
26
17
23
17
23
16
21
20
14
14
20
25
18
23
22
22
16
27
20
20
20
15
16
24
17
20
29
21
18
21
21
24
24
16
17
27
17
20
23
14
20
25
23
19
16
20
21
18
15
13
25
15
21
20
19
16
19
18
20
10
21
17
20
16
16
22
24
16
20
25
21
21
13
21
12
14
13
13
21
