46
50
45
48
40
54
51
36
46
39
43
42
48
44
43
51
55
41
35
42
48
51
38
64
50
41
45
47
43
47
52
45
57
33
46
47
59
40
40
44
53
53
44
48
53
50
50
56
47
45
41
42
36
55
49
60
50
59
57
47
37
52
47
51
45
47
45
42
42
50
64
53
55
40
46
41
50
42
55
48
54
38
61
45
49
47
47
52
39
34
42
40
42
43
49
55
47
55
46
44
33
52
56
37
61
48
63
46
46
54
43
63
61
45
43
50
55
55
53
55
55
47
49
57
38
45
56
55
59
55
61
45
54
53
59
55
50
42
51
52
63
46
58
46
48
53
55
63
60
66
47
46
50
46
41
48
65
47
64
45
48
34
45
43
36
48
37
36
50
45
46
46
57
50
41
45
61
55
49
56
52
41
45
50
54
48
60
50
50
56
63
55
60
42
62
44
56
61
54
51
65
54
49
59
