26
24
24
21
20
27
23
24
23
28
24
25
25
25
27
20
20
21
31
29
22
27
28
31
30
24
19
27
35
34
28
21
22
20
29
21
26
24
22
31
19
21
26
24
29
26
30
32
23
23
21
25
25
28
24
22
28
25
28
28
30
22
23
22
25
24
27
35
34
31
22
25
31
30
31
28
31
22
29
23
17
19
22
28
24
35
32
25
41
29
15
26
23
22
20
25
25
23
28
26
20
35
27
18
18
20
30
25
27
24
26
24
34
27
28
22
32
27
22
31
26
36
25
31
31
23
22
27
20
33
30
22
35
21
27
30
27
30
21
24
28
32
25
21
23
27
35
23
26
27
27
27
29
23
25
21
31
28
20
24
20
25
26
34
20
21
35
31
26
31
23
26
22
29
26
21
23
32
27
25
28
24
32
32
25
22
20
27
30
30
19
24
25
28
24
24
25
25
26
24
18
27
22
23
23
32
22
30
28
31
23
32
31
28
29
25
20
29
28
28
28
26
22
23
31
26
27
18
20
35
27
28
23
22
25
28
36
20
22
17
27
22
30
32
26
36
32
23
24
30
23
24
20
24
20
25
15
25
27
24
22
30
25
21
21
29
14
24
31
29
25
26
29
29
23
26
22
27
24
21
25
24
28
27
21
30
29
21
32
20
23
19
32
22
26
30
21
24
28
30
29
23
27
27
22
32
33
37
27
30
25
29
22
18
30
26
15
24
36
25
22
20
29
31
33
31
34
29
20
29
26
34
33
25
29
24
41
22
31
26
24
28
23
21
27
28
30
30
26
28
28
23
34
26
28
31
18
31
26
25
22
35
25
15
27
26
20
21
28
33
24
27
20
22
24
31
31
29
21
22
23
23
30
22
26
