8
15
22
20
14
16
23
20
15
17
18
17
17
15
12
10
19
10
15
17
12
12
11
9
10
15
10
12
15
9
8
15
11
11
12
7
16
11
11
10
15
15
12
11
14
11
13
15
16
12
12
11
14
13
14
13
11
16
15
13
17
15
10
9
14
13
18
15
11
11
14
14
14
12
15
14
15
11
16
11
10
18
12
10
17
16
17
14
12
27
14
14
20
11
16
12
13
13
19
19
16
14
15
21
15
15
8
15
13
13
12
15
15
12
12
17
17
8
15
17
15
14
14
14
11
18
9
16
20
12
13
12
17
22
17
11
24
11
16
16
12
17
22
13
15
16
17
18
10
11
17
12
11
10
16
11
13
23
8
13
16
13
15
19
13
13
19
17
15
16
15
15
11
12
19
15
12
18
14
18
14
10
13
14
14
14
20
15
14
12
11
16
16
11
12
8
12
12
20
12
16
13
13
14
9
15
14
18
16
17
13
15
13
14
16
15
17
20
14
18
9
17
13
10
18
14
15
19
14
17
18
13
13
10
14
14
19
17
14
21
13
16
14
11
11
17
18
12
10
13
16
18
14
17
14
18
22
10
15
18
14
10
20
13
20
16
12
11
12
15
16
21
13
15
11
14
12
15
18
13
19
17
11
17
16
16
13
14
15
14
12
13
18
11
16
16
23
21
17
22
17
18
15
23
15
15
17
14
12
22
16
16
19
18
16
24
11
16
16
15
13
16
18
14
15
16
13
21
17
14
10
13
11
13
20
14
14
16
10
18
15
12
15
16
18
16
13
20
14
14
21
15
17
22
18
18
20
14
12
13
17
14
19
13
11
20
17
8
15
14
15
15
15
19
16
17
12
14
10
17
15
23
14
16
13
18
15
14
19
16
10
25
11
14
17
18
17
19
20
13
15
15
12
16
17
13
18
14
25
13
15
12
15
12
11
13
16
11
20
20
13
17
18
10
22
17
14
21
15
18
15
13
14
18
14
19
16
13
12
9
27
18
10
13
20
17
16
13
17
13
24
15
21
15
16
17
17
16
15
14
14
17
20
20
12
18
14
12
11
16
14
11
15
17
18
13
19
16
21
23
15
11
28
12
15
24
16
16
27
17
11
27
15
13
21
10
19
14
18
10
17
16
12
17
10
13
21
14
13
11
10
12
12
10
22
10
11
18
12
15
11
14
13
18
16
14
28
11
14
21
12
11
16
15
17
18
15
17
21
11
17
13
18
16
18
18
15
18
15
18
17
14
15
17
21
16
14
15
14
20
12
19
16
14
11
11
20
15
18
14
14
17
14
14
17
11
16
16
15
18
14
16
19
13
14
25
12
17
23
15
16
23
9
10
16
14
19
9
15
10
20
21
17
18
11
14
14
15
10
18
15
19
20
19
11
16
17
16
15
11
15
17
14
16
18
20
10
13
14
11
17
12
22
20
18
20
12
12
17
14
11
12
17
12
15
13
16
19
16
18
20
17
16
16
17
15
20
15
17
20
