8
10
13
9
11
13
14
14
16
13
9
12
9
21
13
19
13
19
8
15
13
14
15
15
10
25
14
9
19
15
16
24
16
23
19
19
19
16
28
19
18
19
22
15
19
19
13
11
16
20
16
20
12
18
25
14
15
21
17
12
16
9
16
13
14
19
23
14
12
24
16
13
17
11
18
13
14
19
13
12
19
16
16
18
17
25
19
13
21
19
19
12
22
11
21
24
17
11
15
13
16
13
17
10
12
16
16
13
19
23
16
16
17
19
10
18
17
15
17
13
19
26
13
16
22
14
19
15
15
18
18
19
18
10
13
16
13
13
13
25
20
14
27
22
19
18
23
15
17
25
9
17
15
13
18
16
13
25
24
13
16
13
19
17
20
17
12
15
16
29
25
24
18
19
17
20
12
25
18
16
20
17
16
16
22
15
20
16
22
16
14
18
21
12
20
16
17
15
19
18
19
20
19
22
26
27
23
20
25
18
26
19
28
31
19
20
16
26
23
19
17
27
28
23
21
15
25
20
17
15
16
16
17
21
13
23
20
18
13
16
18
11
20
10
10
22
14
18
26
12
8
13
9
20
14
9
23
28
26
25
20
12
21
15
12
18
15
19
28
16
23
21
15
18
23
16
18
26
20
16
15
12
15
17
9
10
13
16
14
11
16
27
10
14
16
14
11
16
24
17
17
15
13
20
25
14
19
14
10
21
13
18
15
19
21
20
17
16
21
17
21
24
16
21
19
19
20
23
16
17
24
22
14
25
15
16
22
10
16
14
7
17
16
18
24
11
15
21
17
13
19
21
25
17
21
14
18
19
15
17
20
15
18
16
11
15
16
28
24
17
18
20
14
20
20
25
17
24
17
13
9
14
13
15
13
21
14
13
20
19
18
24
16
9
19
17
15
17
12
14
18
13
18
20
17
10
16
14
12
19
13
8
16
12
10
19
16
19
19
12
14
17
26
25
20
21
35
15
13
25
14
16
24
20
17
23
25
20
22
12
21
26
9
16
20
10
9
19
17
11
23
20
18
13
8
14
24
12
11
18
15
8
14
13
15
22
11
26
26
15
24
16
14
19
16
17
22
20
11
20
11
21
20
19
13
12
17
18
16
16
14
13
15
17
26
14
26
21
28
25
18
21
12
18
22
18
25
17
11
26
14
19
20
17
16
17
18
26
19
21
28
22
10
24
19
22
25
11
18
19
23
11
21
17
8
19
20
26
19
14
11
16
22
15
18
13
14
13
23
11
17
19
19
14
17
17
17
16
18
19
17
18
19
15
22
13
9
20
8
11
18
10
15
17
13
17
10
9
11
27
