21
20
21
16
19
19
26
15
23
22
24
20
15
18
21
17
12
22
22
24
16
15
21
18
15
16
14
16
22
19
21
19
22
14
14
16
19
19
19
14
23
17
15
21
20
19
18
17
16
14
19
23
21
20
22
17
20
20
13
19
13
19
19
18
24
25
26
14
21
22
18
21
17
20
21
22
20
16
18
19
21
16
19
16
24
18
20
16
15
20
28
16
27
17
12
27
21
21
22
20
21
24
24
20
21
16
18
14
23
21
27
17
22
29
16
14
18
20
24
25
17
27
26
16
19
20
21
21
20
23
24
17
21
17
18
22
19
18
25
17
23
16
20
18
16
22
26
21
26
18
23
18
20
22
19
13
24
20
20
22
16
16
20
18
23
19
14
21
24
18
24
20
19
23
23
20
22
33
23
24
20
18
23
15
21
29
18
20
24
17
20
23
15
16
20
23
16
15
20
19
22
23
20
27
22
15
21
22
15
19
13
24
19
15
23
21
16
20
25
21
19
18
20
18
22
18
22
18
20
26
23
27
25
17
14
15
12
27
23
19
23
16
26
26
24
18
18
22
13
17
18
22
19
19
20
22
21
19
18
22
24
24
15
20
25
18
27
27
20
22
19
31
24
22
25
25
28
26
21
23
22
25
25
21
16
21
24
22
12
22
18
20
24
21
30
27
26
13
27
23
13
25
22
22
20
34
16
23
21
21
25
20
30
28
15
27
28
24
24
16
23
22
20
27
23
20
20
27
18
20
33
18
20
21
29
23
21
23
17
23
17
23
23
23
13
21
24
22
24
19
20
21
24
23
28
21
22
24
28
17
25
18
24
25
28
24
16
21
22
22
20
16
23
24
28
18
20
28
29
24
26
22
21
22
22
14
23
15
19
19
25
17
23
21
21
27
21
23
33
19
23
17
28
27
31
18
18
22
31
25
20
25
27
20
16
24
17
21
27
21
17
29
16
22
27
23
23
23
22
18
22
22
24
27
14
29
23
18
17
30
24
24
23
28
22
20
24
24
24
29
20
21
18
34
30
20
26
23
20
25
18
24
24
24
14
29
26
23
28
28
18
32
28
28
