20
16
18
16
21
15
22
17
14
16
21
22
19
22
24
19
19
21
18
21
14
16
19
22
26
21
21
14
16
20
24
21
21
19
16
18
19
28
21
16
21
13
21
21
27
13
17
23
10
21
22
18
21
26
12
27
13
23
28
17
18
19
18
21
21
18
19
23
17
22
17
20
27
16
25
21
20
19
13
15
18
14
19
27
22
15
18
21
24
19
12
20
28
21
15
32
18
19
22
21
14
20
13
18
16
17
16
23
23
26
22
27
19
12
19
13
14
13
18
13
18
19
15
17
19
20
22
20
24
24
21
23
23
13
11
24
23
24
15
19
18
21
26
14
21
17
16
28
32
16
15
16
15
16
19
23
15
21
25
20
17
18
24
12
19
26
27
27
22
21
17
20
25
24
27
22
23
19
16
18
22
21
24
26
15
25
14
23
22
25
19
21
21
25
19
19
28
19
20
22
22
21
20
18
18
27
21
18
23
12
21
18
19
23
24
23
24
15
21
20
28
25
23
23
22
23
21
18
22
17
25
18
19
22
19
21
26
15
29
15
12
24
21
19
20
20
18
16
17
21
16
17
21
22
20
18
26
16
27
22
23
34
27
36
27
22
23
14
24
16
25
15
17
22
28
17
27
27
21
17
24
20
14
24
13
18
19
30
16
17
20
22
18
32
22
14
23
23
26
25
26
17
20
21
15
24
16
25
31
12
25
25
30
20
23
19
20
23
22
17
19
18
20
19
29
22
31
17
29
16
15
21
24
19
30
23
27
28
25
17
24
19
22
25
22
24
29
20
23
36
38
17
30
29
18
30
20
21
22
20
15
22
19
17
20
26
22
30
20
23
18
15
23
20
17
17
20
9
18
24
19
20
15
21
23
25
20
27
25
22
18
18
19
24
28
27
27
15
22
30
25
15
26
24
21
24
20
24
20
18
19
25
24
19
27
24
22
21
22
18
21
23
20
26
29
26
17
29
21
23
22
28
22
20
19
13
23
30
20
22
38
11
24
24
25
24
28
14
14
23
16
17
21
19
22
17
26
31
17
21
19
17
18
25
21
21
25
18
15
22
29
18
18
14
25
16
20
24
29
18
