31
21
22
22
27
23
21
30
30
22
22
28
23
18
20
17
23
27
20
19
17
19
29
20
17
20
28
12
19
24
25
25
25
30
24
21
19
29
27
33
28
29
30
23
23
25
13
29
22
21
24
16
29
23
30
24
29
20
20
24
26
20
29
24
24
25
20
23
27
27
19
22
18
21
20
25
32
29
36
29
26
29
27
22
28
23
31
26
25
23
34
24
20
20
27
26
24
19
26
25
15
18
25
27
28
24
16
22
25
20
27
26
21
24
23
32
31
24
19
33
24
31
27
23
28
21
32
21
21
22
33
25
33
33
22
18
27
23
28
24
26
33
27
20
32
19
20
24
31
18
23
20
28
20
33
24
25
25
23
26
29
22
17
24
27
24
24
34
18
26
22
30
28
25
15
20
28
21
18
19
22
31
24
25
21
23
21
18
26
20
25
34
26
22
23
25
21
30
26
26
30
20
22
18
25
29
23
25
24
22
21
23
24
24
34
22
25
24
30
23
23
26
29
26
27
26
26
29
23
22
20
26
26
21
31
25
27
25
19
24
34
20
23
31
22
23
18
30
24
23
23
23
29
27
27
20
30
14
24
28
26
27
22
27
26
22
23
30
25
20
31
25
33
28
41
28
19
26
26
25
22
25
31
25
26
30
29
21
30
22
29
34
30
32
32
24
35
30
26
27
35
28
30
24
25
19
22
38
27
25
27
30
30
23
21
38
27
23
23
24
21
28
27
31
24
32
38
35
27
31
25
25
15
23
25
21
31
27
30
23
30
21
22
36
22
38
24
21
27
28
19
22
23
25
22
24
18
31
26
21
27
31
29
23
30
26
22
25
27
34
32
21
18
34
25
30
24
35
34
27
23
29
25
34
29
30
24
35
17
39
29
25
27
30
36
