12
11
20
10
18
12
17
11
17
13
9
15
12
10
22
10
10
13
9
9
13
11
11
13
10
17
12
12
11
9
15
18
8
11
13
11
11
11
8
14
12
11
11
17
18
8
6
11
12
17
13
10
19
12
6
18
8
10
13
12
10
14
10
11
17
10
12
16
7
10
12
15
17
15
15
12
11
14
18
13
11
18
9
13
22
9
4
16
7
10
9
12
9
15
8
16
17
14
10
12
13
7
18
15
8
13
9
8
19
14
11
14
11
8
9
11
8
16
11
13
13
11
13
14
9
17
14
10
14
12
9
18
13
8
24
11
10
18
12
12
15
17
14
17
14
15
18
10
13
13
9
12
15
12
10
20
8
11
12
10
11
12
9
12
14
15
9
19
11
15
14
12
11
22
12
11
16
13
13
13
9
17
8
13
21
13
11
19
10
14
24
16
19
15
10
15
10
13
11
19
9
19
17
7
13
11
9
11
21
13
12
18
13
12
15
11
10
21
18
20
20
14
18
17
10
15
17
16
11
11
13
30
18
12
17
12
15
18
13
9
22
7
8
21
13
13
21
8
17
18
17
9
11
12
10
13
18
14
11
13
14
13
12
10
18
11
13
11
14
4
17
11
14
14
12
10
18
14
17
17
9
12
14
8
14
19
10
17
16
10
24
11
10
21
11
9
15
10
15
26
10
12
19
13
14
10
15
9
11
10
12
19
15
6
22
13
13
22
11
14
17
12
15
14
11
14
18
17
17
19
13
12
21
12
7
26
11
14
17
10
13
10
12
7
7
12
16
12
13
18
14
12
16
11
8
25
11
14
16
13
11
30
11
14
27
9
18
23
13
10
16
6
7
17
18
9
17
12
14
13
11
11
17
13
13
22
11
15
14
12
8
22
14
13
24
9
7
19
13
10
19
15
13
14
17
22
13
9
25
14
11
19
19
8
25
8
12
14
14
14
25
14
11
13
13
8
18
9
12
15
12
16
14
12
10
14
17
12
17
15
16
15
10
13
19
13
11
11
14
10
7
14
17
21
13
18
15
7
17
20
12
27
15
7
27
8
8
21
13
6
23
11
18
22
14
12
20
12
15
20
12
14
30
21
7
18
13
12
19
10
11
17
8
16
18
16
15
14
15
8
15
9
14
20
12
12
13
14
10
13
10
17
11
14
25
9
13
19
8
12
23
10
10
21
11
13
27
18
9
17
13
16
12
14
8
22
14
11
12
12
19
13
17
18
12
13
10
21
11
9
17
14
15
24
9
11
18
16
13
20
7
14
12
8
17
10
8
19
9
13
19
15
14
21
9
9
15
7
9
20
10
10
17
13
12
18
7
9
23
12
13
16
28
17
13
17
21
22
18
19
17
26
15
13
6
15
16
17
12
14
9
10
18
8
19
17
13
12
13
11
19
14
11
25
14
12
22
11
18
22
13
13
21
14
16
27
7
15
27
13
14
28
10
10
13
11
14
14
18
7
20
14
14
14
11
8
14
22
19
20
12
16
18
9
17
17
11
16
16
12
13
11
14
21
8
13
21
10
16
26
13
10
24
12
12
23
13
14
23
11
13
19
13
9
18
13
11
21
13
11
21
13
10
14
15
14
9
10
8
19
13
11
16
11
10
11
14
12
15
