27
20
24
22
25
24
23
26
26
26
19
22
24
22
23
25
24
15
27
29
18
25
29
27
18
27
31
25
21
21
23
20
20
18
31
28
23
30
22
28
31
23
28
26
14
24
28
21
30
25
22
19
24
16
28
22
25
31
20
19
25
22
23
30
21
29
23
20
18
26
21
21
18
23
29
23
25
26
27
23
26
21
28
20
30
26
33
33
29
22
21
22
18
25
20
28
33
34
26
30
21
26
26
25
21
18
28
30
29
24
23
29
24
25
21
21
26
23
26
26
28
24
27
24
29
33
21
21
18
23
15
24
31
31
19
29
19
28
19
29
19
27
28
23
20
22
21
20
21
20
30
25
22
29
39
35
25
20
27
29
16
17
33
32
25
23
26
23
22
19
19
15
19
33
36
24
27
29
27
32
21
21
26
25
21
23
19
26
33
21
22
23
31
28
23
26
26
22
32
21
27
17
19
22
30
24
26
29
27
22
26
25
18
32
21
18
28
21
30
27
21
37
27
33
25
26
16
24
32
23
22
35
27
30
24
22
28
32
21
18
26
23
31
25
27
20
27
22
31
27
29
36
27
23
28
23
23
38
37
17
26
32
24
23
28
26
24
20
25
24
26
15
25
37
18
23
18
32
20
19
25
25
27
25
24
21
22
26
26
27
24
24
27
29
35
33
25
33
33
27
17
23
26
30
34
26
26
33
21
26
31
30
27
26
22
40
28
20
26
31
30
30
24
24
23
28
18
38
35
26
25
25
41
30
30
26
26
36
28
29
25
19
31
31
35
32
27
33
34
34
25
33
29
21
31
27
29
36
31
24
25
20
25
24
29
23
23
25
36
28
34
38
32
21
34
32
24
33
27
22
28
33
28
37
26
29
21
35
31
