19
29
28
20
22
24
29
25
29
24
32
20
30
27
24
28
21
24
27
25
20
24
25
30
35
28
22
24
18
27
26
24
21
25
12
32
26
29
21
27
23
25
25
18
20
33
19
32
23
21
21
29
18
29
27
32
28
21
23
27
23
24
20
21
22
29
27
25
29
24
31
24
26
26
25
25
31
25
22
17
18
25
23
19
30
25
25
22
22
28
31
27
36
25
17
31
20
16
25
25
27
22
28
19
19
17
30
23
28
28
28
28
26
31
20
28
26
32
19
22
19
22
30
26
26
35
19
22
23
24
21
23
19
30
19
24
20
24
19
37
20
22
27
20
23
28
21
30
26
30
23
26
22
27
22
21
28
28
28
23
16
24
31
22
22
21
27
26
30
33
18
28
24
21
26
28
20
21
24
20
17
20
22
30
27
26
38
27
18
21
24
25
26
28
19
36
15
20
36
18
27
23
24
32
22
34
40
29
29
19
22
30
26
28
30
24
28
17
24
26
13
29
25
21
30
22
24
26
21
21
32
20
26
19
15
28
27
17
28
29
23
23
28
24
20
28
22
14
26
24
27
27
27
25
35
21
18
26
34
25
20
25
22
25
18
27
20
25
32
26
22
31
29
40
23
22
30
24
20
20
26
17
26
23
21
23
27
27
26
35
23
30
27
23
22
24
33
25
26
30
21
31
23
35
34
34
25
33
29
23
32
19
22
25
25
24
30
19
23
32
18
21
30
28
25
27
24
23
22
31
27
26
26
25
26
26
35
24
13
21
34
28
26
31
30
37
35
26
28
33
30
23
33
33
27
31
20
26
16
34
27
24
20
26
25
27
25
23
27
24
26
21
28
35
23
19
27
24
31
33
21
28
23
15
19
33
31
28
36
24
34
27
29
31
28
36
