52
57
73
52
63
43
53
65
56
48
65
53
54
52
54
47
52
50
43
64
52
55
56
52
55
49
59
61
62
59
63
56
57
50
58
69
54
62
56
58
46
53
63
64
67
56
58
56
59
81
46
59
70
57
66
64
69
54
61
54
54
52
59
65
53
62
56
53
54
61
55
52
74
59
57
65
55
55
71
56
65
58
64
55
56
62
48
62
62
67
54
72
50
57
68
48
62
63
58
54
43
66
50
57
49
51
54
57
65
57
69
61
64
64
58
65
63
64
63
67
52
56
59
56
57
45
52
59
71
70
66
59
60
58
60
61
52
53
60
79
52
66
58
62
60
71
62
61
71
66
57
55
57
76
62
70
68
51
71
63
64
72
72
65
69
70
64
52
65
