24
10
34
53
53
51
60
58
49
66
62
47
63
57
51
59
57
61
52
61
53
62
56
50
69
50
64
48
48
53
54
64
59
57
57
65
57
54
59
68
64
65
57
57
53
59
68
70
60
56
58
54
56
59
49
60
59
59
54
62
53
73
59
53
57
64
51
62
57
60
61
52
75
53
58
58
58
60
76
59
62
69
62
49
68
63
53
60
63
51
60
53
64
67
59
54
71
66
53
64
46
63
57
54
77
56
57
65
60
68
52
62
45
67
71
61
69
65
55
58
56
60
60
63
54
60
62
69
57
57
57
61
56
57
57
48
64
70
50
62
54
58
42
69
60
57
69
53
61
66
46
63
57
53
57
58
54
56
59
52
66
53
59
61
68
66
60
53
54
65
49
51
