8
9
17
15
13
20
11
14
10
22
9
12
20
11
14
12
10
10
8
11
10
12
18
15
16
16
13
14
32
9
8
16
8
9
11
9
11
16
19
22
19
19
19
16
8
16
32
19
32
16
13
8
20
6
10
17
8
15
17
22
17
9
9
23
19
8
25
13
25
12
29
12
12
12
25
26
27
13
33
24
38
34
23
16
22
22
11
13
26
7
19
15
18
24
9
19
22
11
25
30
12
17
24
29
27
31
27
10
22
33
28
10
17
38
13
19
24
28
41
28
16
28
30
24
16
20
12
20
13
11
15
11
28
32
29
17
16
16
17
14
15
15
31
30
5
22
10
10
18
25
28
25
21
25
19
13
19
32
21
20
15
12
11
24
14
10
28
22
16
15
13
10
14
21
14
21
9
11
12
13
14
14
11
11
13
16
14
10
13
23
22
28
26
6
13
19
26
15
20
20
11
11
12
14
20
15
28
22
10
16
23
23
30
15
25
27
22
12
11
19
26
15
20
23
8
20
9
9
15
8
16
26
12
21
13
13
19
6
11
13
11
6
23
13
23
27
22
20
34
33
19
22
17
26
15
11
17
26
13
11
19
15
15
14
35
20
13
15
14
22
13
20
21
11
16
16
14
15
22
17
30
16
12
22
12
13
28
12
15
21
17
19
20
12
14
15
12
18
34
10
17
15
17
20
17
8
14
16
16
13
18
19
12
20
5
11
22
15
15
17
17
23
30
10
41
18
19
21
18
24
35
8
11
20
13
23
24
18
20
29
18
16
17
11
19
20
10
17
14
23
11
15
13
11
20
21
13
22
21
29
17
10
12
16
21
21
13
12
26
24
15
20
16
11
24
11
16
17
16
12
18
18
8
27
29
20
26
16
20
15
19
30
19
13
25
14
31
14
23
9
14
13
8
13
15
13
12
18
12
18
11
11
16
20
11
24
24
19
18
15
11
21
11
10
17
10
9
18
14
8
11
24
15
23
15
13
34
13
19
18
32
19
15
29
14
15
7
19
18
20
20
14
15
21
18
9
23
13
11
15
15
13
24
18
10
19
17
19
23
13
12
35
16
16
19
13
17
21
15
12
10
8
6
19
10
8
17
13
11
17
8
14
12
14
17
8
20
19
10
10
15
11
13
15
16
10
17
14
9
23
22
15
26
9
12
18
16
13
30
16
20
16
15
16
14
9
15
10
12
11
17
7
17
21
7
18
15
8
55
17
62
17
49
29
13
39
58
41
17
18
25
37
23
18
23
12
31
28
19
26
16
16
23
15
24
20
