26
25
16
12
15
22
21
11
17
18
25
25
20
20
16
17
19
20
18
23
26
26
16
21
18
29
21
18
20
17
22
16
18
15
23
18
18
25
22
20
21
22
19
16
17
25
26
19
23
17
25
15
19
22
25
23
22
17
24
21
24
20
13
24
23
22
25
16
26
17
22
25
18
21
21
26
24
22
20
24
24
17
20
17
23
21
11
25
20
30
16
15
30
25
17
19
26
18
27
22
21
16
22
22
22
21
14
14
29
22
20
21
14
22
24
23
27
32
21
27
19
26
18
14
15
22
23
19
23
20
14
14
33
18
20
21
23
20
21
21
22
22
24
22
28
20
21
17
22
23
15
25
28
25
22
21
23
24
16
23
24
23
33
21
29
22
17
22
18
21
29
26
25
27
15
26
18
27
20
23
17
18
20
16
19
24
33
24
26
22
24
28
15
34
29
21
27
20
30
17
22
21
21
26
20
19
27
15
21
26
19
17
24
21
29
24
19
20
20
22
26
20
16
28
22
21
12
20
29
25
23
14
29
20
23
23
20
29
21
29
24
24
24
28
20
18
26
19
19
29
32
19
21
20
18
22
25
29
32
20
26
17
25
23
27
32
15
23
21
26
21
27
28
20
25
19
27
22
20
21
16
23
24
20
24
22
42
17
32
30
16
29
32
29
27
25
21
30
19
16
29
30
21
18
21
18
22
15
26
29
25
19
26
24
24
26
25
26
24
20
30
24
16
29
36
26
24
30
28
33
18
25
32
25
18
29
19
28
29
26
28
34
24
29
27
21
25
18
31
17
22
20
27
26
23
24
19
27
22
28
18
29
26
26
25
22
29
10
31
36
27
34
20
24
24
34
21
22
14
40
16
27
23
16
19
23
19
23
25
27
27
26
20
20
31
17
14
30
26
31
33
30
18
31
30
24
22
33
17
28
24
15
21
29
34
19
18
21
21
28
21
32
31
24
28
26
24
34
22
26
25
27
21
22
14
25
24
31
