29
16
17
20
9
11
13
9
17
15
18
26
11
15
22
10
13
27
15
8
15
14
10
15
14
14
13
20
11
22
10
15
20
10
15
14
13
12
18
11
15
15
8
7
10
16
15
22
13
21
20
15
11
24
15
21
12
17
22
9
14
14
10
10
18
12
8
18
13
7
19
9
22
22
28
9
11
15
9
15
11
7
17
13
13
18
9
12
14
15
10
21
9
10
17
14
25
19
12
26
14
9
6
12
9
16
15
9
19
13
9
17
15
14
11
6
17
17
14
15
17
12
15
19
12
7
19
16
10
13
17
14
11
10
10
17
37
10
15
22
11
15
10
8
9
14
21
10
13
19
13
7
18
11
10
23
8
8
5
9
9
16
13
15
16
10
17
16
18
11
13
12
10
18
9
13
13
17
15
12
25
19
16
18
17
11
13
21
18
11
13
10
14
24
42
10
22
16
12
28
20
18
17
11
16
18
11
14
10
12
14
19
9
20
21
11
15
12
14
13
12
19
17
17
16
16
12
8
13
24
17
16
19
14
27
11
13
22
11
14
19
10
9
14
13
10
19
25
15
17
13
17
14
13
14
18
14
14
15
13
8
17
11
18
13
15
12
14
13
13
13
14
13
14
16
21
12
19
31
13
10
21
11
15
22
13
10
17
16
10
16
8
16
17
17
9
13
13
16
12
12
14
14
16
12
19
12
9
18
58
15
57
20
29
16
49
24
24
18
12
11
15
19
17
14
27
10
13
20
14
11
15
8
6
14
17
9
15
14
12
17
12
11
22
14
11
18
9
12
14
18
9
12
11
14
15
7
9
20
15
15
18
16
21
14
14
28
18
17
28
16
22
16
10
17
21
36
51
17
15
9
15
10
14
19
8
12
16
14
12
13
8
12
13
10
11
18
14
11
23
16
14
15
9
12
33
18
13
18
12
34
36
11
21
13
13
18
16
20
17
9
19
17
9
27
19
11
11
18
11
35
9
8
12
15
11
15
16
13
8
17
12
15
18
11
14
23
31
27
18
13
12
11
12
23
15
12
23
26
16
19
15
11
18
12
15
22
15
8
16
15
15
21
17
16
13
15
8
19
13
9
18
5
9
18
14
18
21
9
13
17
12
12
14
19
15
20
12
10
36
34
13
12
9
20
10
20
18
15
11
25
11
10
21
10
10
18
8
11
18
16
13
17
12
13
18
8
12
16
16
12
19
12
13
12
13
15
13
14
10
12
15
26
19
9
20
15
18
25
15
16
23
13
11
24
12
14
27
20
12
19
9
16
17
15
11
15
11
7
19
11
21
21
18
13
19
14
25
43
16
12
21
11
24
17
6
18
16
13
16
17
12
21
11
13
27
15
7
27
8
12
17
8
7
21
15
14
11
9
15
19
13
13
19
15
14
20
14
18
19
11
11
14
13
19
20
12
15
14
10
17
12
13
13
13
12
16
12
52
22
16
10
27
12
15
29
9
13
