22
29
36
25
32
33
32
23
21
24
30
28
25
25
29
34
23
33
25
28
23
27
20
27
24
25
27
29
26
18
24
25
33
32
41
28
30
30
24
40
31
39
34
30
29
26
29
29
24
22
25
36
30
27
30
36
33
21
32
21
30
20
25
32
21
25
27
31
21
33
35
18
22
29
26
23
27
27
22
21
26
20
21
41
29
23
26
26
33
29
32
26
17
26
31
25
34
16
32
21
18
31
26
25
18
32
27
18
31
37
28
22
29
26
31
31
32
33
25
36
33
29
21
28
24
23
21
26
27
24
20
31
21
26
26
24
29
23
37
31
43
42
39
20
31
26
30
55
31
35
30
24
20
37
36
40
41
29
39
34
29
25
37
27
53
26
24
32
28
22
23
36
28
29
31
26
31
24
28
30
26
23
38
32
25
30
39
20
29
28
31
25
22
29
27
29
22
35
33
24
24
37
28
38
32
39
33
38
27
23
17
33
40
36
28
32
33
27
44
34
23
28
26
25
29
52
41
40
36
35
24
31
34
45
40
29
25
32
29
23
23
28
28
36
29
25
27
31
19
32
34
26
31
31
33
32
51
45
39
35
54
29
27
23
38
27
35
27
28
38
28
42
32
29
28
31
28
26
16
30
32
35
43
30
28
37
35
31
31
28
40
30
33
29
34
46
26
36
38
28
29
35
41
45
35
41
27
27
28
31
24
27
40
42
26
43
51
33
50
29
57
30
36
29
35
40
33
40
30
52
28
31
