31
39
33
30
29
34
27
30
35
26
27
31
36
35
30
30
36
28
39
30
27
29
27
33
39
31
28
29
34
43
37
32
34
36
36
42
32
32
31
24
31
25
37
33
30
34
30
39
40
29
26
27
43
43
34
35
43
37
34
34
37
43
36
37
35
38
32
32
38
39
29
36
29
37
27
30
45
53
32
33
25
33
29
24
38
40
40
24
30
38
33
26
28
37
38
30
41
32
35
34
38
41
25
28
15
29
26
38
22
34
42
42
27
28
48
34
31
36
43
36
33
30
39
38
35
36
40
36
26
26
44
29
37
31
26
34
23
37
42
32
47
30
25
37
31
29
37
35
26
32
34
41
40
36
32
28
37
26
24
33
41
30
49
33
36
37
34
34
30
23
35
29
32
42
26
39
37
40
21
26
29
32
35
37
29
36
27
30
40
36
35
35
27
35
27
35
34
38
26
29
35
28
33
35
37
37
31
40
29
33
43
36
40
25
40
32
44
39
35
35
33
35
29
26
34
29
31
35
38
42
29
31
33
34
37
31
30
35
46
36
26
42
30
32
30
34
44
39
38
35
35
37
27
28
26
35
36
34
37
37
42
24
37
40
35
26
48
39
40
36
43
54
41
41
46
42
37
28
33
26
36
47
44
44
39
50
36
40
38
47
40
45
46
