29
28
26
25
28
30
24
24
21
26
23
30
29
34
25
26
34
23
24
22
34
26
24
30
39
25
26
28
31
36
28
28
24
29
23
21
21
30
19
24
26
23
19
23
22
34
33
18
30
35
25
19
24
17
37
26
32
27
22
29
31
33
23
31
25
32
31
26
25
37
29
21
33
40
27
30
25
35
29
42
31
28
33
25
24
28
22
25
24
27
32
25
29
32
19
26
40
23
20
29
28
29
40
22
29
21
34
36
21
30
26
35
28
30
31
29
22
25
40
29
29
27
23
29
30
24
30
26
31
27
21
24
25
25
22
23
27
16
39
27
30
23
27
18
33
29
25
25
27
31
25
29
20
31
21
39
22
34
33
26
33
28
35
36
27
33
32
27
38
26
26
25
30
22
33
30
32
26
32
22
23
30
33
27
22
42
25
33
29
25
30
34
19
36
38
22
29
40
33
23
28
40
31
31
26
26
36
22
27
33
32
40
38
39
27
28
31
28
41
29
28
32
26
27
29
21
22
34
29
30
30
27
26
24
25
25
31
34
28
31
23
35
33
26
18
31
33
33
28
36
38
29
26
29
25
28
26
36
35
33
31
34
23
25
30
28
39
32
37
29
31
37
18
24
30
23
43
26
21
30
35
25
30
31
31
36
36
43
28
27
40
37
36
21
34
37
29
32
25
33
28
45
32
35
38
35
43
44
45
27
33
29
40
27
31
44
32
24
37
35
27
41
29
29
35
31
34
36
33
38
28
23
41
26
34
27
26
35
27
50
45
