15
17
13
13
11
8
10
16
13
12
10
13
18
12
14
13
11
15
10
10
15
17
14
12
18
14
17
13
10
14
22
7
12
14
11
9
10
11
14
6
8
10
10
8
15
9
12
14
10
12
8
12
13
7
11
14
11
13
14
12
18
15
12
12
17
12
11
11
11
11
9
9
14
10
13
12
11
12
14
12
11
20
12
6
7
9
8
11
12
12
14
8
10
15
10
8
12
11
8
13
10
10
14
10
10
12
10
13
11
11
15
6
12
17
11
8
17
10
12
22
9
9
11
16
8
9
9
13
20
7
9
11
11
20
11
11
14
7
13
19
8
10
16
14
13
15
11
7
11
10
12
3
13
11
10
14
13
13
9
18
8
11
12
9
15
15
11
13
16
10
12
12
11
9
16
8
15
18
10
11
13
7
9
10
16
9
14
10
15
16
11
18
9
11
9
17
13
10
8
13
16
9
13
18
10
10
10
10
17
17
12
13
14
11
7
10
15
13
13
8
13
11
8
14
16
7
11
13
11
13
10
6
16
8
16
16
11
10
16
12
13
16
11
26
15
12
18
20
16
15
7
11
17
12
14
15
12
9
12
11
19
15
12
13
13
14
13
19
12
14
17
10
13
18
12
13
15
11
12
8
17
9
16
15
19
12
20
22
12
15
20
17
20
23
18
10
23
10
14
18
17
20
16
15
14
13
10
19
14
15
16
13
16
7
18
13
12
17
11
15
13
12
13
16
15
13
19
12
14
10
13
15
14
15
13
11
13
19
18
12
25
13
16
6
13
12
17
18
9
24
9
16
13
11
18
15
10
10
10
20
9
13
10
10
13
18
17
22
11
12
19
12
11
10
16
17
13
16
16
14
13
20
12
9
23
13
16
20
18
19
21
9
14
15
16
9
15
11
11
12
13
16
16
18
13
17
21
7
16
11
14
15
12
12
18
8
20
17
15
18
19
10
18
16
12
28
19
12
18
10
17
23
13
12
26
12
12
17
12
10
13
15
19
18
12
13
9
9
11
16
9
14
19
13
19
16
18
14
18
14
11
22
13
12
15
11
12
15
15
15
18
8
16
15
14
30
24
11
21
7
14
19
11
13
22
19
9
22
16
8
16
14
19
16
17
7
20
10
14
21
16
13
17
13
12
10
10
11
16
15
13
16
7
8
15
13
12
17
13
10
10
10
11
20
13
8
20
9
15
15
14
19
13
17
21
13
9
20
13
14
18
10
14
20
10
15
14
15
17
19
11
20
12
12
17
22
10
12
11
20
10
14
12
13
25
13
11
13
13
10
14
14
9
16
14
19
14
10
14
14
12
20
16
14
22
15
11
22
12
14
23
20
18
24
20
14
19
18
14
16
10
14
13
13
11
14
11
12
16
15
9
24
15
9
13
12
12
19
8
15
25
7
15
19
12
13
11
19
20
16
7
23
15
15
20
11
9
19
12
9
25
19
18
22
11
12
12
10
14
21
16
8
19
12
7
13
12
11
16
14
8
10
15
13
9
13
12
15
16
17
24
15
16
17
15
16
14
13
20
15
10
24
12
11
18
13
13
16
13
13
23
8
14
22
15
16
18
9
12
15
14
19
9
14
12
20
7
14
27
15
12
16
10
12
14
13
15
12
13
16
13
17
22
12
12
10
11
12
25
