28
21
25
18
19
24
33
22
17
32
32
27
23
22
23
21
28
19
22
25
25
25
26
17
27
17
21
22
23
25
16
28
21
35
20
28
23
25
29
21
25
26
22
27
25
24
25
32
25
27
24
26
16
26
27
24
27
14
29
25
28
27
26
24
20
26
24
41
21
31
21
24
25
28
19
16
33
28
25
25
24
23
29
26
20
22
27
25
20
24
26
24
31
20
19
21
23
30
20
25
36
34
27
25
34
24
26
20
27
23
28
28
23
26
20
25
20
28
20
25
27
24
28
25
23
24
22
23
25
28
22
28
27
18
25
24
18
24
24
28
26
30
28
27
29
24
25
28
30
25
28
27
22
31
31
22
23
30
25
30
24
22
24
22
22
25
32
19
27
21
22
24
28
28
25
18
30
27
23
25
27
24
19
26
20
23
19
19
21
29
22
20
26
18
26
23
23
27
17
20
20
26
25
23
15
21
34
25
15
28
24
18
34
27
23
18
18
23
17
26
23
24
19
26
17
29
21
32
18
22
29
29
16
23
21
30
25
19
23
27
28
27
23
21
25
32
31
21
16
24
19
27
31
21
18
32
24
23
19
25
23
21
21
20
23
21
25
24
32
27
28
21
33
21
24
21
21
22
25
23
14
18
26
30
18
21
27
22
14
30
28
21
26
34
25
24
31
25
30
22
19
31
21
26
28
17
19
18
25
28
24
27
25
19
17
15
20
30
21
23
20
18
22
25
31
19
24
18
33
27
25
21
23
29
25
24
21
26
22
21
20
34
23
28
19
25
30
24
24
32
20
23
24
26
18
20
19
21
24
13
28
24
21
23
16
22
20
23
22
29
26
24
18
24
37
16
17
24
21
21
22
27
16
25
19
16
27
33
28
27
25
23
23
31
25
24
21
22
26
23
32
22
22
26
23
35
28
27
22
21
22
25
21
22
29
