44
33
45
39
43
34
41
32
37
49
40
40
52
45
38
46
35
52
40
55
38
34
39
41
47
34
38
36
49
37
34
35
42
42
38
61
42
36
50
43
49
35
32
52
33
41
42
46
42
39
37
41
43
48
35
36
36
35
35
44
43
42
41
48
39
51
40
36
48
46
43
41
44
40
40
32
33
46
47
44
41
45
34
41
41
35
27
36
42
38
47
40
37
33
50
53
32
32
50
40
39
45
48
50
37
33
57
48
37
41
45
45
45
45
30
42
44
32
50
41
42
43
37
43
32
36
34
46
48
38
34
37
45
43
47
41
38
32
41
38
37
54
39
39
44
40
49
41
59
54
55
40
44
40
51
43
49
47
35
37
42
35
43
42
52
44
43
34
34
44
42
40
38
43
36
42
32
37
46
39
44
40
35
37
42
39
41
41
38
40
39
39
33
47
34
40
37
48
54
47
60
43
34
39
39
40
49
41
41
55
37
41
39
34
38
47
41
48
40
39
54
47
41
42
45
31
33
37
34
51
46
40
39
48
45
47
46
38
50
28
37
36
