21
11
15
14
13
8
11
14
12
21
12
7
12
13
12
16
8
13
10
13
15
20
16
14
9
12
17
10
16
13
15
10
13
12
13
14
17
11
18
18
12
21
11
16
12
11
13
17
14
9
12
9
17
13
15
13
16
12
16
15
15
12
9
10
15
14
15
21
7
13
17
14
16
19
18
8
17
12
11
17
11
11
17
12
16
14
10
13
11
14
12
11
10
14
24
12
12
17
19
14
15
15
11
20
7
14
11
13
28
13
12
18
12
7
20
16
9
19
18
14
13
12
16
20
13
15
17
9
13
13
13
11
16
16
15
22
14
15
16
11
17
13
12
14
15
14
13
12
17
10
12
17
15
12
13
19
19
12
23
14
12
15
15
11
17
15
13
14
11
21
16
14
11
17
17
10
14
14
8
14
12
12
18
11
15
24
11
10
15
11
16
12
15
17
15
13
25
11
15
12
14
13
24
13
19
19
16
15
21
11
13
13
11
14
11
12
13
17
14
11
9
16
11
21
19
12
12
17
16
25
8
8
23
13
12
16
16
15
15
12
17
19
18
12
20
18
19
12
15
16
10
16
18
15
12
12
15
10
20
10
14
12
9
12
22
13
10
21
15
16
20
10
11
18
12
10
17
11
8
16
10
13
11
22
13
20
9
15
12
9
24
15
14
19
12
16
24
17
15
16
10
15
8
15
10
16
15
19
16
13
11
19
12
18
17
17
14
11
11
11
18
17
19
15
11
11
24
19
16
13
12
17
21
16
20
12
15
22
12
10
20
16
18
20
11
18
25
9
11
16
13
17
21
14
12
14
17
12
15
11
20
14
19
8
15
19
13
17
13
10
18
13
13
14
10
18
12
14
13
13
16
15
17
20
18
18
15
21
11
10
22
15
6
22
17
12
15
13
10
19
10
13
17
18
16
13
14
18
17
11
17
14
15
15
20
15
20
20
11
16
11
10
16
14
14
24
19
14
19
10
12
24
13
18
18
10
16
18
13
17
18
12
15
22
17
11
9
15
7
17
11
15
17
15
14
16
10
10
17
12
18
17
25
13
13
12
18
25
14
17
13
13
19
17
16
22
8
17
29
18
12
16
12
9
20
10
12
24
12
16
13
11
14
12
12
12
10
10
20
16
17
16
17
20
12
13
9
18
22
15
19
16
11
16
19
13
16
22
13
21
17
13
18
15
14
21
25
10
24
16
13
25
15
21
14
14
17
15
12
15
17
16
17
20
15
14
12
10
13
16
10
11
13
15
14
13
13
16
12
18
17
12
15
22
15
15
16
14
17
22
16
18
17
11
12
17
20
19
17
14
9
14
15
12
13
19
16
20
13
8
14
12
18
14
14
22
20
15
12
15
15
14
16
17
11
16
13
24
11
14
20
24
18
26
17
11
20
17
15
17
11
13
18
12
9
14
17
13
24
21
12
18
6
12
13
12
12
19
11
15
15
14
20
16
10
11
19
16
13
17
16
11
14
19
18
14
8
20
20
10
19
17
12
14
21
13
15
17
7
18
13
17
30
