24
26
19
28
19
19
18
25
13
18
20
18
30
24
21
26
17
20
20
26
21
16
21
21
20
16
14
17
20
14
18
20
17
22
13
20
27
26
24
18
19
20
25
21
24
16
19
23
15
20
29
17
18
17
23
21
20
32
24
23
21
20
31
23
19
16
18
27
22
19
16
20
17
15
16
23
30
23
21
22
18
18
19
20
20
24
19
26
25
30
20
22
19
18
17
20
22
23
20
13
15
22
19
19
25
21
21
16
21
26
23
19
27
17
26
30
18
22
21
26
17
13
23
25
20
13
15
17
22
16
25
21
20
20
21
18
18
23
21
22
23
18
22
15
15
21
17
19
18
28
24
19
18
23
21
18
21
22
18
22
20
18
23
18
23
24
17
19
17
17
21
20
22
24
18
18
20
19
26
15
19
12
17
24
22
14
20
24
15
30
29
17
19
19
21
16
19
22
26
24
19
15
18
16
19
23
14
22
10
25
24
25
26
22
25
23
23
28
17
21
15
17
18
25
20
22
20
27
19
25
19
17
25
21
23
18
17
17
26
21
26
18
19
21
20
22
25
16
14
22
22
25
27
16
24
22
16
19
20
20
23
21
20
20
18
20
19
22
17
18
28
17
11
18
24
18
32
19
16
14
20
18
17
16
24
26
22
21
26
22
24
22
21
28
16
16
32
31
22
22
19
20
25
22
24
26
26
29
26
28
23
28
36
27
17
23
33
19
21
31
20
32
28
15
24
20
23
21
24
22
23
21
21
20
26
25
25
22
15
22
25
27
26
21
18
15
17
23
23
20
22
19
29
27
22
25
21
31
21
18
30
26
25
19
16
18
23
15
28
32
28
26
27
16
27
27
17
23
23
15
16
13
21
18
23
31
25
30
25
30
20
24
14
18
23
27
20
26
20
18
26
28
20
19
24
27
22
27
23
19
30
21
20
24
21
22
25
22
26
23
17
26
23
22
28
20
24
23
18
21
23
22
21
18
26
21
18
23
18
17
17
20
24
23
23
25
21
29
27
22
18
19
19
28
30
14
27
22
17
18
24
19
21
18
21
14
27
21
