17
22
24
25
21
23
17
21
21
20
28
22
26
28
17
22
22
20
16
18
18
19
18
20
19
14
18
22
20
18
19
23
12
20
20
20
16
29
24
20
12
20
20
16
17
23
23
24
29
22
20
29
15
22
18
19
16
22
19
27
24
20
26
18
22
20
25
32
29
22
15
22
20
21
20
19
22
19
15
25
16
20
29
21
17
22
15
19
29
29
26
18
18
21
18
32
20
28
11
23
25
11
19
19
15
22
26
16
27
23
26
20
22
24
18
20
21
28
21
22
23
24
22
30
25
13
23
16
20
25
22
19
20
21
21
27
29
28
15
13
20
21
19
22
16
22
32
22
20
24
15
20
21
18
28
20
28
20
23
22
21
17
22
20
16
20
17
17
14
24
18
25
31
17
23
20
18
26
23
16
24
18
23
17
15
15
27
18
19
20
22
21
20
18
17
21
23
22
17
25
19
19
25
22
25
20
25
19
30
17
15
24
21
18
21
20
21
29
21
17
23
18
23
27
20
27
16
29
19
24
34
30
18
31
22
19
23
24
23
22
17
27
16
16
29
31
21
18
15
21
23
21
26
23
24
22
25
22
18
21
26
24
20
20
26
17
24
17
27
24
33
25
21
25
22
17
18
20
26
27
18
24
21
26
18
26
25
13
25
20
20
30
21
26
20
28
25
19
28
22
29
19
23
33
24
27
26
28
20
24
40
22
18
23
19
23
21
11
22
28
18
21
20
23
20
17
24
21
20
30
19
26
22
15
24
33
23
22
32
29
23
17
19
21
24
30
20
29
24
18
25
17
21
20
19
15
27
28
22
23
22
28
25
25
24
33
24
18
22
18
27
18
19
25
29
28
24
24
17
28
27
22
26
25
24
18
24
32
18
17
23
25
26
26
22
21
19
27
21
25
23
27
19
19
19
21
24
22
22
21
29
29
25
29
23
18
26
23
26
22
27
21
17
25
24
19
30
23
23
21
25
18
31
22
24
25
21
30
28
18
26
24
17
18
26
24
31
22
20
19
24
16
24
