14
17
18
22
20
23
21
19
19
23
20
22
21
24
24
23
17
24
29
19
17
22
25
23
29
19
21
22
24
19
20
20
20
24
29
32
24
20
22
27
22
24
15
19
34
21
20
21
22
25
32
19
22
20
29
19
27
21
30
25
26
25
16
23
22
18
27
20
21
25
38
25
17
25
23
15
21
29
25
26
24
29
29
25
22
23
19
30
21
20
24
30
24
28
23
28
27
21
22
20
30
25
21
24
17
22
17
21
20
23
25
27
23
14
18
33
21
28
26
19
32
17
21
26
30
23
21
29
22
17
21
19
24
22
15
22
21
25
30
26
19
26
20
29
27
24
22
32
29
19
20
24
27
25
19
26
24
18
30
27
36
18
22
19
20
24
23
25
32
32
27
30
28
38
26
27
25
23
22
28
26
29
19
28
26
19
29
35
34
31
22
24
20
28
25
26
24
19
34
30
35
28
20
29
23
25
30
34
23
25
21
17
28
23
27
24
28
21
32
25
25
24
20
26
24
22
29
30
23
24
21
20
24
23
21
19
19
20
27
20
21
22
20
31
28
24
24
22
22
23
26
29
21
30
22
25
17
17
31
25
27
31
20
25
33
27
28
22
24
19
27
32
21
26
20
25
24
24
24
18
23
29
25
25
28
24
25
21
17
21
19
23
23
26
25
29
27
31
21
21
22
25
20
22
22
32
22
20
26
35
19
30
20
26
22
22
24
24
36
18
22
25
22
29
21
21
29
20
22
28
27
24
21
23
27
26
19
24
27
26
28
26
27
21
22
29
23
27
25
27
20
33
30
30
30
23
16
25
22
22
22
23
29
29
22
29
20
24
21
26
23
32
29
30
23
21
30
27
25
21
26
15
25
26
25
26
20
29
22
22
27
20
24
27
27
29
27
24
31
25
21
29
23
25
25
31
24
24
25
20
31
22
24
19
