38
38
40
39
37
37
47
43
33
41
41
37
37
37
35
34
45
38
40
38
46
42
53
42
38
39
28
43
44
48
40
41
39
48
38
46
45
32
41
37
38
43
48
42
50
47
54
38
42
35
40
43
45
36
40
46
43
39
46
39
42
41
42
43
50
33
38
40
42
40
48
47
37
45
49
43
41
39
45
43
38
42
48
49
40
48
30
41
49
45
38
41
51
50
45
44
54
50
50
49
40
44
54
34
40
45
33
53
46
41
38
30
39
46
38
49
41
52
36
48
36
40
45
51
60
39
44
49
40
43
33
41
35
37
44
50
47
45
38
56
36
41
45
45
46
42
55
47
39
47
40
46
47
49
41
41
46
37
45
31
35
42
40
48
44
44
46
54
39
53
40
48
58
48
43
44
42
45
46
40
39
40
45
39
40
43
45
49
39
47
41
41
40
41
52
44
35
52
43
46
46
47
45
45
47
44
48
39
36
51
52
48
43
50
39
41
43
47
48
40
34
33
52
35
48
43
39
42
37
32
34
35
39
54
