22
11
12
14
19
17
14
19
27
18
13
18
17
16
16
14
15
18
17
13
20
18
15
14
18
21
14
19
29
16
20
17
20
13
18
23
18
17
12
21
15
24
25
13
17
19
16
22
19
17
18
21
19
15
19
14
19
25
25
12
17
23
22
16
15
24
19
21
23
19
24
16
15
28
14
16
18
20
14
15
16
17
26
20
20
21
22
25
27
14
21
21
19
17
22
17
21
21
20
16
15
19
24
19
19
16
17
27
25
23
15
24
26
18
23
18
23
19
22
14
21
19
22
17
20
17
21
19
21
25
24
19
27
19
15
17
21
16
15
16
17
22
20
20
22
14
15
18
22
18
16
15
19
23
19
22
19
21
16
23
26
23
19
17
17
29
18
17
21
20
22
18
21
16
19
29
21
28
13
18
16
25
14
20
20
23
20
20
16
18
31
19
15
18
23
19
16
23
23
26
18
21
20
21
14
21
25
16
22
16
20
20
18
19
20
19
21
18
23
23
23
25
21
17
21
18
21
17
23
22
22
25
23
22
22
22
25
23
19
23
25
21
16
23
16
21
16
20
16
22
22
21
19
26
25
23
17
22
20
20
25
17
15
19
22
30
22
14
23
17
21
15
17
25
19
16
15
23
27
19
20
19
27
20
15
21
20
15
18
18
22
22
24
23
18
23
21
21
18
17
27
17
21
18
20
18
22
24
20
24
21
17
15
16
23
20
22
28
19
24
27
20
24
24
17
19
23
27
19
17
19
23
20
16
17
18
22
24
24
19
24
24
25
16
17
20
17
20
20
18
22
12
24
16
16
19
15
21
26
21
16
25
22
22
24
19
19
16
21
20
17
16
18
21
15
20
24
20
14
22
22
23
21
17
20
25
16
17
18
21
19
21
13
17
21
13
19
25
27
17
17
22
23
16
22
23
19
21
17
16
21
13
17
17
19
28
23
22
21
14
21
18
22
22
24
27
16
24
16
15
18
21
24
18
23
21
22
26
23
32
23
24
21
18
20
21
28
14
15
21
13
13
25
26
15
23
14
24
15
17
18
20
17
16
22
18
21
24
15
24
19
24
28
25
22
21
15
16
21
18
21
27
17
16
22
18
24
15
15
19
20
16
21
20
29
16
23
17
17
18
22
28
18
16
17
