25
15
16
20
13
18
20
18
19
19
17
18
15
16
16
15
16
18
13
13
18
18
21
14
11
18
14
14
19
14
21
16
20
12
13
16
17
21
13
15
19
15
18
21
16
14
15
13
16
17
19
16
18
22
20
16
19
18
20
15
13
14
21
11
18
15
15
21
16
16
19
15
19
14
19
12
18
20
15
20
27
18
22
13
18
20
18
18
13
22
15
17
18
21
24
21
15
19
11
25
23
14
20
20
15
13
18
21
16
18
22
11
23
19
15
20
15
20
13
14
21
22
16
17
19
17
20
15
19
22
18
18
20
22
22
20
15
20
18
16
21
19
25
21
19
18
17
18
21
18
16
26
21
24
18
16
21
25
13
20
23
20
18
24
13
17
18
19
20
18
19
19
19
25
15
17
18
18
16
12
19
19
20
15
19
16
19
21
11
13
20
20
17
24
18
12
20
28
21
20
15
18
19
24
24
19
17
27
13
25
18
16
18
25
17
21
19
18
16
21
20
17
26
21
17
17
13
9
19
20
22
21
19
18
17
18
12
14
11
20
18
19
25
17
20
14
18
15
23
20
22
18
19
23
24
20
16
19
20
20
18
21
20
21
18
16
18
20
19
19
16
18
14
13
19
26
16
17
20
16
16
20
14
17
20
20
24
19
24
28
16
17
21
17
21
27
22
32
14
23
30
21
20
19
17
22
19
16
15
21
14
22
18
26
23
18
20
18
21
18
15
22
21
18
25
18
15
16
22
25
18
16
16
23
24
21
14
16
16
19
25
14
12
17
17
16
18
15
24
15
16
25
20
14
19
19
17
24
16
19
20
17
23
22
11
21
19
21
12
26
20
22
17
16
18
21
21
24
25
18
18
18
27
26
18
21
20
18
20
22
24
19
16
18
23
23
21
18
25
20
17
21
16
19
22
20
15
17
22
17
24
16
18
23
14
20
19
28
19
18
17
31
19
20
13
20
12
18
18
19
26
20
15
17
24
17
23
8
22
20
17
13
20
12
20
21
17
17
27
21
19
18
24
17
17
22
19
17
28
24
25
19
28
22
18
18
24
16
13
20
21
19
25
13
21
25
17
12
23
20
21
17
27
22
18
23
36
19
18
25
23
14
20
19
20
18
22
21
23
22
22
22
21
22
31
16
17
20
16
15
21
17
15
15
20
19
20
16
18
23
25
20
22
22
18
20
18
13
17
21
