21
15
12
12
16
14
14
12
14
15
10
16
10
9
22
16
11
15
10
10
16
12
16
9
12
12
12
15
15
8
14
12
16
14
14
15
11
18
12
14
18
13
15
22
17
15
12
12
14
18
9
19
13
10
21
14
17
17
15
10
20
13
12
14
11
15
12
9
16
12
12
15
12
16
16
12
22
12
10
13
14
12
12
14
17
14
13
19
15
14
13
14
20
12
15
11
13
13
11
14
12
10
14
15
12
14
14
12
14
15
9
13
15
12
12
16
11
17
12
13
14
16
15
16
12
13
17
9
12
16
12
16
13
12
11
19
10
10
17
11
20
14
15
14
14
18
20
11
15
13
12
11
17
16
9
16
12
17
17
16
16
20
14
17
16
13
16
12
11
13
11
16
24
14
18
16
17
12
16
17
14
12
12
20
13
14
16
13
14
11
12
13
14
9
11
17
14
16
17
12
16
15
15
14
17
16
14
24
8
12
19
17
13
15
11
10
22
16
16
21
7
14
14
15
13
17
10
13
14
11
14
23
12
14
14
12
12
11
16
16
19
11
16
19
17
21
14
10
21
13
14
13
16
11
17
13
12
14
11
16
13
10
19
12
12
16
23
10
17
18
14
10
16
14
12
9
17
14
14
17
14
14
12
14
18
14
10
15
14
13
15
11
20
19
11
19
13
16
20
15
12
26
15
13
25
15
13
18
13
11
12
13
11
20
16
13
24
13
12
15
14
14
10
15
9
13
20
11
13
16
9
20
15
15
11
20
13
19
11
17
16
11
25
19
10
19
14
14
22
19
14
22
13
19
13
13
12
19
7
14
14
16
21
17
13
17
14
16
10
18
17
17
10
16
10
19
11
8
10
14
15
10
13
14
19
18
22
16
16
18
16
14
20
14
13
13
22
13
25
16
15
18
17
18
22
11
21
13
15
10
17
13
16
16
13
13
13
14
13
17
9
17
21
13
13
14
14
16
14
16
22
19
18
19
12
16
27
19
12
24
10
12
19
12
13
20
18
14
12
15
11
16
9
14
11
13
11
17
22
11
14
12
11
20
13
18
17
14
16
12
11
14
20
13
19
23
20
14
20
12
19
16
14
19
11
14
17
15
16
18
19
15
23
21
14
17
13
15
11
15
8
15
14
14
13
13
13
19
8
17
14
19
13
25
17
11
14
18
13
15
12
19
14
12
18
13
13
17
14
21
23
13
14
28
23
21
13
18
15
16
17
15
17
17
13
18
17
19
13
15
12
13
17
12
14
13
18
15
17
12
18
17
18
11
12
18
13
14
11
17
15
18
13
19
17
12
14
22
15
5
12
20
16
16
20
17
16
11
17
19
12
16
19
18
21
23
10
18
15
8
16
17
11
14
19
16
10
16
10
13
15
11
16
19
11
18
14
10
16
16
14
12
18
13
19
21
14
12
15
17
19
13
12
21
10
18
12
17
16
22
14
14
14
14
18
15
12
17
26
10
10
18
16
13
23
12
14
25
17
14
17
15
20
17
18
12
13
17
19
25
