21
15
24
21
15
19
15
21
18
17
19
26
26
13
16
21
21
22
27
23
24
21
22
24
26
21
21
18
19
18
16
20
22
23
20
27
21
19
28
28
21
19
17
17
29
16
21
22
18
19
23
17
19
20
22
24
27
30
24
27
27
23
22
19
21
22
23
15
20
14
16
30
24
16
23
20
18
20
29
25
22
24
17
18
22
21
27
25
23
12
16
18
14
24
23
22
25
23
22
26
22
25
25
15
20
26
21
27
23
20
21
25
27
19
29
21
24
30
25
27
17
26
21
24
19
24
21
20
22
22
22
20
30
22
20
18
24
15
20
26
18
18
19
22
15
31
21
25
22
16
23
25
24
32
18
22
30
26
23
23
18
17
22
22
21
18
20
21
15
22
21
21
22
14
17
23
17
19
25
22
23
22
23
25
22
18
25
23
26
20
17
26
28
24
18
20
26
18
19
19
13
25
16
16
20
22
15
23
24
15
22
25
18
29
22
23
16
29
23
21
23
24
24
25
22
17
24
22
28
23
26
21
20
22
25
19
21
20
24
26
22
21
27
16
25
21
23
28
23
23
22
26
20
21
20
23
27
24
25
21
19
21
27
26
24
19
24
26
17
21
26
27
22
22
21
27
18
16
21
20
25
22
20
21
24
24
26
22
20
22
18
17
27
18
15
20
21
23
18
27
20
25
21
21
25
34
19
25
23
27
20
31
19
29
20
22
23
21
18
17
25
30
21
25
18
22
19
14
22
30
28
19
22
39
24
14
33
14
22
22
26
27
23
25
22
27
19
26
21
19
24
23
17
27
23
23
26
23
23
16
16
23
21
18
17
33
26
23
19
21
26
22
23
19
24
27
23
22
18
28
24
20
26
33
21
24
25
24
21
20
28
23
28
20
24
29
21
26
21
26
20
24
29
24
25
28
14
26
22
19
26
21
31
21
23
28
32
21
27
25
20
29
26
21
24
26
28
18
26
20
33
22
22
23
19
20
21
20
16
28
28
22
23
25
28
28
21
22
19
