25
14
13
13
12
16
15
11
11
13
12
10
9
10
11
7
9
14
11
8
9
16
11
11
9
10
10
9
11
10
9
17
9
11
12
5
11
9
10
14
7
14
9
17
18
14
13
12
10
11
11
8
11
12
13
11
14
12
16
12
10
8
9
12
6
17
9
9
17
7
9
12
9
13
14
10
11
10
10
8
8
7
13
14
8
17
12
9
18
7
9
16
11
13
10
11
10
15
11
16
11
11
22
12
9
17
7
8
9
11
12
10
9
15
18
14
15
11
14
14
19
9
11
17
15
11
11
15
9
9
11
9
10
11
9
16
15
19
10
12
12
9
13
15
10
14
20
8
12
16
15
10
13
15
11
13
13
9
13
8
18
15
12
13
10
12
9
16
11
9
10
9
10
23
13
11
17
13
12
22
10
13
15
14
12
13
12
17
12
9
13
13
14
15
10
14
17
10
13
19
9
8
13
12
8
14
12
10
14
8
9
11
13
9
9
9
15
18
11
10
13
9
9
12
11
8
12
14
9
17
17
13
13
11
17
13
11
14
15
9
17
16
7
17
11
10
17
7
14
18
15
14
12
9
14
14
12
14
15
14
14
16
9
18
14
11
11
10
11
14
23
14
13
13
15
14
11
12
22
13
8
14
12
15
19
13
9
15
14
16
20
13
13
11
13
13
13
7
12
14
15
20
15
12
12
16
11
12
12
12
14
13
13
10
14
13
12
18
8
17
17
16
14
12
12
15
12
16
20
13
13
16
14
12
16
12
12
15
8
14
17
10
10
17
14
14
10
18
13
17
15
9
11
10
9
14
12
13
14
15
14
13
11
12
12
14
20
12
13
14
13
12
16
12
9
20
10
11
15
10
11
17
11
15
16
12
13
16
15
17
12
13
10
14
14
11
17
11
12
14
8
14
12
15
13
14
16
13
10
10
18
10
15
8
12
10
19
8
9
13
10
13
16
9
14
11
15
13
16
10
7
14
12
12
14
18
11
22
15
13
13
11
17
8
13
18
8
15
23
12
12
20
16
12
19
9
16
17
14
10
16
14
10
15
15
7
11
9
14
13
9
15
12
7
17
9
11
14
12
16
13
11
10
16
8
12
17
11
10
16
14
10
12
13
12
15
10
13
14
12
12
11
14
8
15
7
13
12
12
17
15
13
12
15
15
21
15
12
22
15
16
11
20
20
17
13
12
15
14
14
14
9
9
19
11
10
21
12
10
16
12
14
21
10
11
17
11
18
14
10
17
16
13
20
17
7
17
15
9
23
14
10
17
11
11
18
12
15
21
11
15
10
12
10
13
15
8
13
13
15
14
12
11
11
8
10
18
10
22
14
10
14
11
11
19
9
9
19
11
12
13
11
16
19
13
7
16
13
11
12
10
14
13
13
8
19
15
15
19
11
17
23
13
13
15
9
22
12
14
13
21
10
17
14
11
18
20
20
17
12
17
12
16
11
14
12
12
21
10
11
15
12
13
11
6
11
13
11
19
12
12
11
9
17
22
13
10
15
13
16
18
8
9
17
13
12
10
13
8
10
16
13
12
9
10
17
8
10
16
11
11
13
15
13
11
14
23
14
14
19
15
11
21
13
14
20
12
10
18
9
14
12
11
13
15
10
11
9
16
10
11
13
10
16
9
12
15
11
12
12
8
16
11
11
17
9
12
16
11
10
19
12
14
15
11
7
12
6
13
15
12
14
15
21
10
16
15
13
15
8
10
10
14
14
16
12
15
16
18
13
18
10
