33
33
34
36
35
36
38
34
30
40
30
39
41
30
30
40
36
48
30
37
45
29
34
31
25
36
29
31
39
33
36
36
29
32
44
35
29
36
43
36
35
34
33
36
37
29
42
30
35
39
39
35
41
33
33
51
37
39
29
41
41
37
29
28
35
36
32
36
27
47
33
33
24
30
50
35
36
26
32
46
39
32
35
34
39
41
36
30
37
30
37
31
34
33
41
39
39
44
35
47
46
38
43
34
37
34
33
33
37
43
34
40
38
34
39
40
35
33
35
35
32
33
33
24
38
38
34
30
37
50
32
35
33
31
34
36
36
24
34
31
34
38
40
42
35
35
40
42
28
33
33
36
36
35
41
28
32
32
25
36
42
42
31
47
35
38
36
30
42
42
32
40
27
32
35
30
37
37
37
40
39
39
40
34
28
30
41
35
41
39
35
27
36
36
34
42
33
37
35
21
31
36
36
37
40
32
32
36
26
30
33
38
46
31
28
30
34
30
31
45
39
32
34
37
32
40
38
32
36
32
33
38
37
31
35
39
32
38
50
32
36
37
44
42
43
42
34
33
42
46
40
41
45
43
35
31
34
27
28
41
33
44
48
50
42
42
32
40
40
42
41
43
26
35
38
40
40
33
36
