23
11
12
14
12
9
11
21
20
14
14
14
12
17
20
18
20
12
16
15
13
14
12
15
15
17
18
16
18
18
14
14
18
14
17
15
16
19
12
11
15
15
19
15
21
16
15
15
16
16
14
14
16
11
17
15
16
14
10
18
18
14
20
13
16
22
20
14
13
17
12
16
10
11
16
16
16
17
12
10
10
12
14
18
18
16
23
16
18
17
17
15
15
12
16
20
19
18
14
15
15
19
19
14
21
16
10
22
18
14
15
16
15
20
14
17
19
11
12
16
15
13
19
13
18
12
15
15
15
20
10
12
11
15
15
15
13
14
16
18
18
15
15
19
20
16
16
13
13
9
13
20
15
13
11
15
17
20
12
20
13
15
11
10
11
30
12
11
14
16
14
14
19
17
16
17
10
20
11
20
17
18
14
18
11
13
16
12
12
17
11
17
20
13
17
15
13
13
19
16
18
20
14
17
13
13
21
17
17
12
18
18
14
9
15
15
21
13
19
19
13
14
13
14
19
10
14
15
15
13
17
14
14
14
14
14
19
14
15
18
16
14
20
17
11
21
13
12
16
14
17
13
10
18
16
14
24
14
12
19
16
12
13
14
16
24
13
17
20
12
16
18
15
14
12
15
16
16
10
14
15
13
12
19
17
10
23
12
14
13
11
15
20
19
17
12
19
21
9
15
19
17
15
15
16
17
15
10
10
20
16
18
14
15
15
17
13
16
16
14
16
15
9
13
20
12
20
18
12
20
18
15
12
17
12
19
15
22
22
19
20
18
9
15
16
16
19
25
13
16
13
19
20
24
10
11
12
13
13
16
9
8
22
17
13
14
18
19
12
9
18
13
12
15
16
12
22
16
15
24
16
17
24
21
14
14
19
16
15
12
18
20
15
14
15
15
8
21
12
17
17
16
17
12
12
13
17
11
23
15
13
21
14
14
17
16
14
19
13
16
23
15
12
18
15
14
17
18
16
15
14
14
18
15
17
10
20
18
20
14
22
11
13
22
15
12
19
15
15
27
18
14
15
14
18
21
13
13
14
13
16
16
15
17
15
16
14
17
16
12
13
14
14
18
14
13
20
15
21
19
19
25
13
14
20
14
16
18
12
12
18
18
24
17
15
16
16
9
21
20
16
16
19
14
14
15
13
18
12
9
9
15
10
15
18
15
17
19
24
13
21
18
26
15
16
19
17
16
22
14
16
19
13
9
21
12
16
13
16
19
14
12
13
11
14
23
15
12
15
17
21
15
17
12
13
16
16
22
12
14
17
17
21
16
18
17
23
16
14
21
16
12
22
15
13
22
10
21
21
18
15
18
13
16
20
16
10
16
10
15
16
15
15
17
15
16
15
20
13
19
24
18
22
13
12
17
12
15
19
25
15
16
13
18
15
14
17
17
14
22
12
14
19
27
13
22
21
13
11
17
12
24
24
16
15
13
