22
6
7
3
10
11
11
12
15
13
13
13
11
11
11
4
14
12
7
11
7
7
8
12
9
8
14
7
13
11
18
9
13
11
11
9
13
7
13
13
13
11
16
15
13
26
10
20
22
8
10
12
6
14
10
17
10
9
12
18
9
16
11
12
13
15
15
9
24
8
12
16
12
15
22
8
8
13
12
10
14
5
6
12
13
12
13
8
18
10
9
12
11
12
12
7
11
7
13
10
17
9
8
19
10
10
18
20
6
17
10
6
13
17
11
14
9
5
14
13
9
14
15
6
11
15
9
19
9
7
18
13
11
11
16
20
6
9
22
11
5
18
7
11
11
8
12
16
7
5
10
11
15
13
7
13
17
12
8
17
7
13
18
13
12
13
7
9
12
14
11
26
9
15
12
15
16
12
12
18
13
9
25
10
13
23
14
10
17
17
13
16
10
10
17
9
10
11
17
9
16
17
33
19
13
10
18
9
9
17
16
11
16
11
7
10
10
12
13
7
16
11
16
22
14
10
23
13
10
17
16
12
14
9
13
24
6
12
11
10
10
16
10
15
13
16
11
14
9
9
12
11
16
10
10
14
16
11
11
16
10
7
17
14
17
10
8
16
12
9
27
9
13
14
13
11
20
13
14
19
9
9
15
12
11
9
13
19
25
10
9
11
8
10
13
9
8
15
7
7
13
11
5
18
14
15
16
11
23
14
15
17
17
14
23
9
14
27
8
11
17
11
12
21
16
12
16
17
14
22
13
8
10
9
10
20
10
8
17
10
6
17
8
8
18
13
21
11
9
9
19
13
16
10
13
18
12
14
25
9
12
25
13
10
23
11
11
19
13
5
11
16
10
16
8
15
18
11
14
17
7
9
17
20
14
20
17
7
21
12
12
20
12
18
14
7
20
16
15
18
15
11
30
16
19
20
7
9
18
19
9
16
13
11
17
10
16
19
18
12
23
17
14
8
12
7
10
7
13
20
8
16
11
12
19
14
10
21
7
11
21
15
10
14
7
11
18
6
13
19
12
14
12
8
9
26
9
7
26
8
12
23
15
13
22
8
14
25
8
14
17
10
9
12
9
11
15
10
11
20
14
8
12
12
17
12
10
17
14
14
14
18
11
22
14
15
26
14
9
22
7
10
23
15
9
25
13
11
12
9
11
16
16
9
21
9
11
14
13
13
21
14
15
12
12
16
14
12
13
19
18
12
12
12
19
8
9
18
9
16
20
10
14
18
7
13
20
12
14
17
16
12
13
8
14
11
8
13
14
14
10
12
9
9
26
13
10
17
11
16
13
14
17
11
10
18
13
30
22
23
6
26
17
8
14
12
13
18
15
12
16
12
10
16
12
20
21
13
16
21
19
15
17
11
11
17
17
20
12
7
22
14
8
20
14
15
22
9
15
23
14
16
20
11
13
21
12
20
15
14
12
17
13
10
14
25
14
11
8
11
8
14
16
10
11
19
11
8
19
9
6
20
12
13
14
12
17
22
15
14
9
17
11
12
11
12
18
16
9
20
15
10
20
11
16
14
10
19
14
13
25
17
16
20
11
15
19
17
12
13
9
10
18
19
8
19
16
13
12
13
7
19
8
10
16
10
8
18
9
16
8
10
18
6
12
17
13
10
24
9
11
21
13
13
18
15
7
16
10
12
16
10
9
16
10
8
15
14
10
13
12
17
18
14
22
