49
52
73
50
59
52
62
54
48
62
60
76
46
41
69
56
53
56
46
58
57
55
60
53
54
51
61
62
52
74
59
69
46
59
54
63
54
69
72
58
56
53
67
64
63
58
67
62
62
70
62
35
67
71
63
61
44
69
50
57
57
59
62
58
59
51
66
64
62
58
67
58
57
50
53
50
72
63
61
54
56
50
51
57
56
58
56
47
63
55
61
55
53
60
57
63
66
52
58
77
61
67
62
48
72
53
49
83
54
66
71
69
52
69
63
66
56
70
66
53
58
68
61
66
74
69
61
64
56
68
57
72
55
58
65
70
68
61
48
61
51
53
58
53
59
62
57
54
68
58
59
56
62
77
51
73
68
61
66
56
58
71
66
61
66
68
65
