11
16
12
13
13
17
13
13
12
17
9
12
13
14
17
15
16
9
16
11
13
11
9
10
16
13
12
15
10
15
9
13
14
13
15
11
13
17
14
12
11
13
11
12
13
13
11
14
14
14
14
17
11
24
13
18
17
15
14
21
19
12
20
12
16
17
13
13
11
13
13
18
10
15
8
14
14
26
13
14
14
15
11
16
15
16
16
16
11
16
14
20
15
10
16
15
11
20
15
13
21
14
14
19
17
12
15
13
18
18
15
14
14
16
16
16
11
19
14
18
18
12
16
15
12
14
14
16
13
17
12
15
22
14
15
18
16
18
10
15
16
20
15
14
21
14
13
22
16
13
18
13
11
13
15
16
16
14
14
14
15
17
12
15
12
14
13
14
16
16
16
14
21
10
12
12
17
10
16
13
16
9
17
14
11
13
16
17
15
18
18
15
17
14
21
13
12
19
14
16
18
16
11
18
10
13
14
10
18
19
18
12
16
14
12
17
13
9
20
16
13
16
14
14
13
15
14
15
14
17
27
11
9
14
16
16
13
17
19
12
13
20
21
16
18
12
17
14
15
9
12
14
7
15
18
16
17
11
18
19
11
13
15
12
14
14
13
14
14
9
12
16
12
16
11
10
12
16
18
20
17
13
23
16
13
21
14
14
20
16
19
15
16
13
19
16
11
16
17
14
21
15
9
13
14
15
19
9
18
13
14
15
12
13
19
16
14
17
22
18
14
19
14
18
17
16
22
15
15
17
13
16
19
11
14
32
14
11
24
19
24
17
14
15
16
16
15
27
12
13
18
17
12
18
13
13
17
18
12
22
15
16
15
10
16
19
16
19
17
15
17
16
18
21
18
15
17
13
13
17
13
14
10
18
10
16
20
13
19
14
12
13
10
10
18
16
15
17
15
18
15
16
17
20
19
13
13
11
17
16
12
10
17
16
21
16
20
23
15
14
27
11
14
22
13
13
18
14
11
23
11
13
16
16
15
20
10
14
18
12
11
14
13
14
10
19
13
16
13
22
15
15
16
17
15
19
15
17
26
19
16
22
19
18
17
12
15
21
18
11
22
17
11
19
11
13
17
13
10
10
11
12
20
10
11
16
14
18
19
14
16
16
8
9
18
16
20
18
16
16
15
12
14
19
18
15
13
12
20
12
14
20
13
10
20
17
15
15
19
17
25
21
12
18
17
18
13
16
15
18
18
10
11
16
16
18
13
15
20
11
13
12
15
19
20
17
14
16
15
16
14
17
18
19
12
17
23
16
21
17
17
15
10
18
14
13
13
16
14
13
22
17
14
15
16
14
18
16
14
18
19
18
13
20
18
11
13
16
17
16
12
14
14
12
15
14
18
12
17
15
17
18
24
16
10
21
11
14
18
14
14
14
12
13
19
14
11
24
16
16
19
13
12
18
21
14
18
12
11
21
18
15
12
14
15
15
12
19
14
16
14
16
14
16
15
13
19
14
22
17
18
14
22
10
11
14
