22
11
20
15
16
19
15
21
11
12
12
20
20
14
17
18
17
15
11
17
21
13
14
18
14
16
14
14
13
17
19
14
10
17
15
16
17
15
13
17
15
14
19
13
16
21
12
15
14
17
14
20
15
19
13
17
15
14
15
13
15
14
17
14
14
10
16
15
17
21
14
12
10
10
11
11
15
20
19
13
18
15
10
20
17
13
16
15
16
18
17
16
14
12
13
17
19
16
12
13
19
18
18
17
24
12
14
15
12
13
20
16
17
10
15
17
13
19
17
13
21
15
14
15
15
16
17
14
15
20
15
16
23
12
16
19
13
16
21
14
16
20
16
15
18
13
15
24
12
16
21
12
16
19
14
13
12
15
14
16
11
20
16
17
13
14
20
15
18
17
20
18
21
16
16
17
15
18
15
17
12
17
18
15
15
18
15
18
14
14
11
16
12
14
14
17
12
18
16
11
13
15
21
16
20
17
23
17
22
21
14
20
20
15
19
17
11
15
17
16
26
22
16
19
21
13
14
13
16
18
14
20
18
14
16
22
17
16
19
20
17
13
14
16
12
16
18
16
16
17
18
16
22
21
17
20
17
17
17
15
15
19
16
17
20
23
14
19
19
12
25
21
14
17
13
14
14
15
14
15
16
14
13
19
16
14
16
19
16
24
20
17
17
19
15
18
13
17
14
15
17
15
21
16
17
15
17
16
21
13
18
22
14
13
20
11
17
18
20
14
20
18
17
18
16
17
24
16
10
16
23
16
26
16
21
10
13
20
19
20
24
17
19
21
16
21
20
20
15
22
21
19
25
12
19
19
21
18
13
28
13
19
14
18
16
19
23
19
10
16
21
18
16
20
20
11
17
17
18
15
17
15
21
14
13
15
14
24
18
16
16
20
21
21
22
16
16
16
15
21
21
19
25
16
17
20
13
17
20
18
17
14
18
16
14
12
19
15
22
19
19
18
17
15
13
18
18
21
18
14
17
13
21
20
13
22
19
14
15
17
19
20
18
28
15
24
16
15
18
18
17
20
15
14
13
15
13
12
19
20
22
20
11
20
18
19
18
14
14
14
15
20
20
9
23
14
20
21
12
22
16
18
19
16
19
19
18
22
17
16
18
17
19
21
14
18
21
14
15
17
13
14
23
14
19
20
13
19
16
14
15
16
17
13
20
15
16
18
18
18
16
16
12
18
19
17
20
12
23
18
18
22
19
17
20
21
14
24
17
17
15
13
14
16
16
14
19
15
17
16
20
14
12
13
13
18
17
15
17
21
14
16
15
20
20
16
22
19
22
18
16
16
26
27
14
16
18
23
24
22
19
20
15
14
19
20
14
15
18
17
21
16
16
18
19
