25
16
19
20
23
20
24
25
19
21
18
17
25
25
16
18
20
23
19
23
16
26
19
19
25
24
17
21
25
19
19
18
32
20
22
26
24
17
23
16
25
29
18
21
30
22
22
17
23
27
21
19
24
22
19
23
27
16
19
17
20
20
27
21
28
21
23
21
22
18
19
23
24
27
25
29
26
23
29
22
25
21
21
22
19
25
28
20
29
18
23
19
30
23
22
27
21
24
28
27
19
20
21
23
27
26
36
17
28
24
24
24
18
25
25
21
29
31
28
21
27
19
24
22
27
22
19
22
29
23
25
23
22
27
19
19
26
22
28
26
17
20
30
18
30
25
32
24
27
25
25
21
28
23
19
18
19
22
20
26
30
25
23
27
24
32
21
25
30
26
22
28
24
28
25
28
24
30
17
29
17
16
21
27
20
15
22
27
28
25
23
19
25
32
19
24
17
28
18
23
19
29
23
21
20
19
24
27
26
20
17
27
29
20
27
24
26
24
25
20
26
29
19
24
23
25
29
23
22
24
20
25
27
23
28
23
21
22
36
19
23
20
27
23
21
21
29
23
22
27
21
19
27
24
24
19
22
25
22
19
24
23
22
25
15
24
28
26
21
26
30
24
28
21
26
28
26
16
23
22
25
19
27
21
23
28
23
20
25
28
19
24
23
27
28
20
20
30
25
23
23
19
17
27
31
21
28
27
22
26
21
27
23
19
29
22
25
30
23
24
16
27
28
30
22
24
29
23
15
29
21
21
30
23
22
19
24
21
21
26
35
23
20
25
26
22
19
33
28
22
34
30
16
33
21
29
20
29
19
26
32
26
27
25
30
35
22
29
31
17
30
35
23
27
22
22
24
22
29
25
26
31
20
26
20
31
34
31
26
27
29
24
30
35
19
22
20
29
32
25
24
18
21
23
22
23
29
22
19
26
21
25
18
23
27
30
19
28
27
29
24
