36
22
35
35
33
24
27
38
21
30
26
37
29
35
31
37
22
30
22
29
32
31
44
36
33
28
32
26
20
25
29
25
26
24
33
33
23
30
33
31
44
31
29
30
24
34
36
26
23
37
28
30
23
24
33
18
32
28
26
30
16
25
30
31
25
34
31
28
30
30
28
24
22
26
23
27
27
35
30
25
15
36
31
32
24
29
31
25
38
31
25
28
25
23
31
33
29
20
35
39
17
32
36
33
34
29
28
28
39
29
39
30
27
37
35
26
23
31
25
24
21
30
34
35
26
24
29
43
20
35
18
24
32
20
30
34
39
27
27
26
31
30
29
24
30
23
30
30
34
26
31
33
22
15
27
27
25
34
30
29
31
38
30
31
40
25
19
22
22
31
36
26
36
29
22
33
25
40
29
33
32
26
28
31
39
23
37
34
29
39
31
33
38
31
29
31
19
29
33
34
20
19
31
25
36
29
30
29
28
29
25
21
23
27
26
43
25
36
31
30
25
33
26
25
34
27
27
26
29
23
24
34
24
29
28
23
32
39
35
29
40
22
30
26
24
33
30
32
24
20
34
25
31
28
29
25
26
36
29
19
27
27
29
24
27
30
35
26
20
23
24
31
27
30
29
29
25
28
38
32
33
27
26
32
24
26
30
27
35
30
35
21
29
32
29
29
27
26
30
22
23
25
32
31
33
34
34
31
27
28
26
25
28
17
18
27
29
34
30
36
44
25
24
48
35
38
31
39
40
31
40
30
27
26
32
28
28
24
38
35
42
39
