66
76
30
87
81
51
55
74
48
40
69
111
43
71
42
44
39
87
36
97
58
49
28
114
39
87
82
55
118
54
46
66
44
99
54
39
40
28
63
53
35
31
79
108
61
42
117
53
101
99
53
103
63
49
132
67
94
94
51
49
59
33
81
45
34
45
59
30
64
56
36
68
48
114
70
39
39
99
64
47
45
26
34
104
42
89
33
34
41
37
98
69
49
39
109
69
42
69
84
45
79
59
39
61
87
82
80
59
54
53
37
41
34
36
101
62
32
44
31
34
85
85
63
47
139
49
49
38
45
30
90
79
58
42
91
73
50
43
50
44
33
81
44
37
87
56
59
51
37
98
76
56
53
36
99
71
53
46
85
49
34
37
75
116
