11
12
23
17
15
6
9
11
16
11
13
22
11
10
15
13
11
25
13
9
20
15
16
16
12
18
19
11
13
15
15
10
14
15
18
17
11
15
11
14
22
16
15
23
17
12
18
12
13
13
15
15
22
10
9
23
15
10
26
17
17
20
12
8
24
9
12
14
16
13
15
11
12
15
11
7
14
14
13
21
10
14
14
11
21
17
10
21
12
12
16
9
6
25
16
12
22
11
13
15
13
5
25
5
9
26
12
10
19
8
16
15
9
20
17
13
17
16
15
10
18
11
13
17
10
12
16
11
19
16
13
23
9
12
12
16
9
32
11
15
22
9
5
23
12
16
25
11
16
13
14
11
13
12
13
10
8
12
11
9
5
18
15
7
16
6
13
20
10
10
19
12
13
10
18
12
18
17
17
11
14
22
14
19
22
10
19
25
13
7
26
11
13
20
9
10
21
11
11
13
11
10
11
11
11
13
18
14
14
12
9
16
10
11
14
14
13
17
14
20
10
8
23
9
9
25
13
10
19
14
10
12
9
9
16
10
10
18
9
11
15
16
15
18
8
12
14
16
14
16
12
8
14
10
11
17
11
15
13
8
14
9
17
19
12
7
13
17
12
20
23
16
20
15
11
19
8
13
13
13
10
14
16
8
15
8
16
18
11
13
18
10
21
20
10
6
14
13
12
13
10
23
12
6
21
10
18
21
11
9
26
12
10
23
11
11
13
11
15
15
9
4
14
9
11
17
10
13
14
9
12
19
11
10
13
10
13
12
14
12
17
9
18
11
10
19
11
12
21
8
22
23
10
14
18
13
13
21
8
7
10
9
12
17
15
17
17
9
8
21
13
8
15
8
10
15
8
12
18
8
10
24
8
8
14
14
13
10
19
24
15
14
25
28
14
24
7
7
25
15
9
21
10
17
26
8
12
17
22
4
24
5
18
13
4
13
19
12
9
15
11
15
16
12
13
13
14
14
19
13
14
19
9
14
11
9
17
16
12
23
15
11
20
25
11
21
8
19
23
13
11
15
12
12
21
16
16
14
11
12
19
17
19
18
11
15
22
12
19
20
11
9
18
10
32
22
12
15
8
9
24
18
14
20
20
13
26
10
8
21
11
15
19
16
8
15
13
10
17
13
12
13
18
12
14
11
29
17
17
12
12
11
14
13
9
11
19
8
10
18
21
22
10
11
10
6
12
24
9
11
31
10
15
24
8
8
15
9
10
19
15
14
15
5
11
14
17
11
17
11
12
15
13
11
8
13
16
24
7
22
17
18
21
13
9
21
12
15
23
17
8
25
12
17
24
7
11
28
11
27
36
11
16
30
16
13
12
9
13
18
9
9
14
16
11
21
13
19
18
8
14
18
18
16
15
11
21
10
8
25
7
12
19
13
13
24
11
14
20
12
12
23
12
14
17
11
13
17
16
8
17
7
11
22
11
6
19
7
9
24
16
28
13
10
5
9
30
15
16
35
24
23
8
30
13
14
24
10
22
57
16
15
21
10
12
12
12
15
21
28
14
16
8
11
23
18
13
19
7
11
12
21
27
18
26
14
15
30
