43
48
40
61
50
43
43
45
45
58
48
46
38
51
51
47
57
50
54
47
45
40
50
59
56
45
38
53
47
51
49
47
50
52
49
56
62
58
55
44
45
51
57
49
53
55
54
53
45
48
37
46
48
42
42
60
53
38
50
53
51
44
57
59
61
47
48
57
52
58
59
47
44
60
58
56
53
64
41
47
55
49
46
54
48
53
55
50
40
47
48
53
53
55
46
55
45
69
50
65
37
62
55
56
49
57
58
52
47
55
57
54
52
47
55
53
57
52
56
50
51
53
49
58
54
46
60
59
54
53
59
58
51
65
49
48
43
56
52
63
42
71
46
61
52
50
48
50
52
60
42
53
51
56
51
36
57
55
58
65
59
47
57
53
58
54
43
46
43
55
41
56
57
52
58
53
48
44
45
53
47
59
49
47
50
57
46
58
46
48
54
48
60
55
42
