21
18
19
29
21
18
15
11
19
15
11
27
18
16
13
20
12
21
16
20
20
19
14
23
19
23
20
15
16
20
11
16
11
13
18
23
9
17
17
21
19
10
19
15
11
21
19
19
28
18
26
21
17
15
25
20
19
15
23
17
24
19
16
22
20
16
15
18
17
23
18
24
17
22
12
12
21
18
15
23
23
13
21
26
18
16
24
15
23
27
17
13
16
25
21
12
23
19
24
14
26
19
8
12
12
13
26
19
17
19
13
19
24
19
17
22
15
23
19
10
13
16
25
11
19
11
20
26
17
19
21
20
17
14
10
24
18
15
19
16
16
20
15
11
18
24
19
17
21
13
14
13
16
15
13
21
19
19
17
26
19
20
29
14
14
20
16
22
18
16
18
19
23
22
25
16
23
17
23
16
26
13
23
17
17
29
15
20
31
22
20
18
26
23
30
20
18
21
12
10
14
18
9
15
14
15
21
19
19
29
15
23
19
22
16
21
20
30
17
14
12
15
16
18
16
14
9
16
10
22
21
23
19
19
26
23
17
18
29
22
14
25
15
18
16
12
13
12
17
12
18
21
22
21
14
18
18
19
14
22
15
18
20
24
15
19
12
17
23
12
11
13
24
17
19
24
24
15
18
22
20
15
19
12
24
21
6
17
18
16
18
18
15
11
30
27
17
25
26
12
24
14
11
31
22
15
16
21
13
24
17
17
17
14
13
17
18
17
29
16
19
14
21
26
15
9
31
28
28
21
19
21
26
18
19
19
21
20
17
12
14
26
15
12
23
15
10
20
15
18
14
19
11
23
27
15
15
14
18
20
15
24
19
17
22
14
25
29
14
24
36
23
15
21
17
18
18
15
22
29
13
16
26
19
19
30
31
17
23
33
19
25
17
19
18
13
19
18
19
24
15
17
20
18
20
21
15
19
29
16
22
26
24
27
19
16
13
26
34
26
24
20
17
25
32
26
21
19
36
20
27
27
16
28
28
14
22
22
24
34
25
22
20
26
13
18
29
36
16
24
16
17
23
11
19
27
15
23
20
16
21
25
19
22
25
15
19
20
14
15
26
14
19
20
16
18
20
15
22
13
17
22
12
22
21
10
14
22
18
10
20
16
21
16
28
26
21
26
21
20
18
13
23
12
18
22
18
42
27
18
19
28
23
21
30
25
18
15
17
14
16
26
26
