24
21
16
22
22
26
13
14
23
19
21
17
19
25
22
21
22
18
19
21
18
14
16
21
20
19
22
21
24
16
18
18
22
23
18
21
18
20
21
20
21
24
25
18
15
18
25
23
15
23
20
23
27
21
26
18
15
22
18
23
18
22
24
20
15
18
17
17
19
19
18
13
18
18
17
20
18
19
16
26
20
20
22
15
16
17
21
21
23
24
22
16
19
16
23
17
21
23
15
23
19
18
21
18
24
25
22
13
23
16
18
18
25
19
16
20
23
13
19
22
19
21
19
23
21
17
17
20
22
22
16
22
26
20
13
19
17
25
21
26
22
16
27
19
18
23
23
21
22
17
27
19
23
18
18
13
29
16
22
24
15
21
19
24
25
19
27
20
27
18
16
24
20
19
27
26
16
20
25
20
32
17
27
24
19
23
17
24
14
19
19
19
19
16
18
15
19
24
20
24
36
20
22
16
21
15
25
19
22
21
20
22
18
16
18
23
20
14
18
23
19
20
16
21
19
24
19
21
26
20
21
20
17
22
19
20
22
16
20
20
25
21
19
19
21
18
20
22
19
26
16
20
24
18
24
19
21
13
19
20
22
23
21
17
23
25
18
19
15
22
11
18
23
19
23
24
21
16
21
22
25
16
20
28
16
25
24
17
24
19
23
20
23
19
22
21
21
20
22
17
19
19
27
21
15
15
24
20
15
26
25
21
20
15
23
22
23
14
20
20
19
22
22
24
16
30
26
20
23
28
22
22
17
22
12
30
20
19
26
15
17
15
15
19
17
14
22
18
18
24
21
22
18
30
22
22
18
20
27
17
18
27
28
18
25
23
19
28
27
18
24
17
21
20
30
26
17
24
25
29
15
27
17
21
20
26
16
15
23
15
15
18
16
23
31
23
23
28
18
29
25
19
26
20
16
20
18
19
25
14
16
22
14
18
27
23
14
26
26
17
24
21
18
24
17
16
19
20
21
24
23
23
16
16
21
25
17
26
17
26
16
16
18
26
19
16
25
17
21
18
21
19
28
18
10
22
19
25
24
19
20
23
13
22
33
22
19
19
24
24
32
24
23
19
21
28
22
19
31
17
28
16
20
21
22
15
24
