19
17
23
9
26
17
14
17
14
17
15
9
18
14
12
20
13
19
14
13
12
15
11
14
23
11
12
16
13
16
15
15
16
20
8
21
22
14
16
19
15
17
8
11
12
20
13
14
18
17
10
11
16
23
12
17
14
12
16
19
8
15
14
16
20
8
15
18
13
12
14
13
11
25
15
17
13
15
14
16
15
11
15
12
16
12
15
21
8
9
17
13
13
19
14
7
9
11
13
17
13
11
15
17
10
20
14
14
8
12
15
15
14
11
9
10
17
18
16
11
12
11
14
16
11
12
15
21
19
13
8
24
18
6
17
15
12
18
17
15
11
18
17
10
15
15
12
15
10
15
7
16
18
12
16
12
13
10
10
14
22
16
20
13
11
14
18
14
23
7
11
18
16
17
18
11
19
21
14
15
16
13
16
14
10
20
16
10
15
15
14
16
15
12
21
13
15
17
15
8
12
19
16
13
12
13
12
15
8
16
8
13
17
12
18
10
15
20
11
17
20
16
14
23
15
17
11
23
14
13
16
26
22
13
13
21
12
10
16
10
14
14
12
16
17
15
13
20
13
14
15
14
19
10
21
14
12
13
20
14
18
17
12
10
15
11
8
15
15
11
14
14
21
22
17
12
19
14
24
22
10
21
12
13
26
9
18
30
13
13
22
19
13
19
12
13
16
20
11
19
23
14
13
13
15
12
19
10
18
15
12
25
10
18
23
13
16
15
11
14
17
10
15
18
11
18
14
17
24
14
17
13
15
13
30
14
14
18
14
21
15
20
9
16
10
17
19
12
21
26
11
10
23
8
11
21
14
13
17
16
13
22
15
14
17
13
25
15
13
17
17
23
14
15
11
17
13
17
36
13
13
19
12
17
20
7
17
16
8
17
17
13
10
14
12
7
17
16
16
11
11
16
17
10
20
17
18
13
21
12
14
23
8
20
17
12
19
16
11
26
16
13
16
17
9
26
13
17
15
14
13
22
12
15
18
10
10
13
8
17
15
17
17
16
14
16
14
16
10
14
16
9
15
10
13
16
19
14
16
11
21
13
19
17
15
16
12
14
12
20
17
18
25
17
11
25
15
13
17
5
13
11
13
13
16
15
12
19
13
9
20
8
15
19
6
18
17
11
10
14
18
17
16
13
15
14
18
23
13
15
22
11
14
22
11
20
18
15
15
15
16
13
15
14
14
15
13
10
16
12
11
18
13
13
13
10
15
15
10
16
14
16
14
16
12
18
21
17
14
15
18
19
16
10
19
15
14
23
15
11
22
20
13
19
17
14
21
20
13
17
13
10
11
16
19
10
16
13
14
13
12
12
14
13
12
22
12
16
18
7
8
9
13
18
14
19
10
14
17
14
13
22
16
12
17
12
12
14
14
12
13
13
7
16
16
14
13
12
17
13
14
13
13
13
10
16
19
10
22
10
10
17
16
13
18
16
12
19
9
20
15
16
19
17
19
21
15
11
14
16
13
19
16
12
24
13
14
25
11
17
16
11
15
22
17
14
