20
15
14
14
14
13
19
32
22
22
16
16
9
18
11
20
18
9
16
23
19
21
19
18
21
18
13
22
23
19
20
13
14
15
14
17
21
14
21
21
19
26
17
17
17
11
18
18
12
17
16
17
17
23
14
18
17
11
14
25
14
18
27
18
13
22
16
12
14
7
19
14
16
21
16
19
13
23
17
13
16
29
9
27
15
22
13
16
19
10
14
28
9
12
18
20
18
17
14
18
14
12
14
16
19
16
22
24
20
17
25
11
14
20
12
21
17
12
10
15
17
26
25
11
20
9
26
19
10
21
16
18
28
15
10
19
13
12
23
13
13
24
17
22
15
17
12
17
16
12
17
17
17
19
13
24
26
17
10
17
24
22
13
17
13
18
18
14
21
15
18
22
16
21
11
9
29
15
16
23
17
14
19
18
25
18
12
15
25
19
13
21
17
9
22
18
12
24
9
14
15
17
9
16
23
13
16
18
12
18
13
20
21
13
24
22
23
16
28
16
21
15
12
17
23
12
26
19
11
27
24
15
23
20
16
17
23
9
16
13
17
14
24
16
20
11
12
25
15
13
26
12
18
23
15
14
22
12
13
22
16
20
21
8
23
13
13
18
20
8
17
14
13
21
17
10
20
8
14
21
16
10
19
17
21
10
22
21
20
16
14
24
11
12
31
13
17
14
19
14
11
15
13
18
12
12
14
15
12
15
16
17
13
16
12
11
16
21
11
20
20
22
14
19
19
13
23
13
14
22
18
15
17
11
11
28
16
17
15
12
10
24
13
10
17
15
16
17
37
28
19
13
23
13
15
28
13
15
22
14
15
25
10
11
16
13
12
13
12
12
16
10
16
17
11
13
17
16
14
19
17
14
15
13
20
11
12
21
12
12
20
14
14
31
19
16
22
19
16
20
18
16
13
15
12
12
13
15
11
17
14
12
14
15
20
13
17
18
21
22
14
17
18
15
16
32
15
13
20
15
17
23
8
16
15
11
19
21
11
14
20
16
14
15
13
11
12
16
16
22
16
15
7
14
26
13
10
20
15
17
22
10
11
26
13
14
20
18
22
19
14
12
16
13
15
16
11
18
17
11
10
24
18
15
22
16
16
19
19
24
11
12
21
18
19
26
14
14
17
16
15
22
15
9
24
16
12
23
17
14
25
11
17
24
9
16
20
14
14
24
14
14
19
14
15
23
18
17
18
12
16
20
14
12
26
12
18
13
9
22
11
10
13
14
20
18
13
17
17
13
12
33
18
22
21
16
11
19
9
10
12
14
11
20
13
17
17
14
14
21
14
11
22
12
12
9
17
15
22
20
16
21
14
16
11
15
21
19
18
12
17
15
22
11
13
24
15
11
21
19
