22
14
18
13
11
14
16
12
10
22
17
12
16
20
16
13
11
14
10
14
23
10
19
14
13
16
13
20
12
12
12
17
11
13
15
11
17
15
16
14
12
13
16
18
17
14
15
14
9
12
14
11
11
14
7
13
20
17
16
21
18
15
13
15
12
17
16
18
10
13
11
14
13
16
13
9
10
16
16
13
15
12
17
11
13
11
12
16
17
14
14
13
13
12
16
19
10
16
14
7
17
12
18
15
13
15
11
14
16
13
12
14
11
18
13
15
16
15
20
15
15
20
12
14
12
22
15
6
13
15
14
14
14
18
18
15
15
16
16
18
13
18
15
10
16
12
13
15
10
18
19
9
14
15
14
9
18
12
15
21
10
16
25
16
13
10
14
13
22
14
18
10
16
14
15
13
14
15
13
13
11
12
12
11
18
11
15
14
15
17
16
19
17
16
18
17
15
14
12
12
19
11
13
16
12
17
15
14
20
12
13
10
19
18
15
10
13
12
13
10
15
15
9
16
22
14
16
14
11
14
17
18
12
15
11
24
9
13
15
17
10
17
15
9
17
12
15
15
12
20
16
14
22
18
13
16
15
11
17
13
15
20
15
13
12
13
29
11
16
9
16
14
11
19
19
12
18
9
9
12
13
12
18
20
14
24
16
13
18
15
14
16
15
18
15
13
16
24
14
13
19
18
14
14
12
21
16
12
18
18
19
18
17
14
10
14
14
12
20
20
12
16
20
17
14
17
22
14
16
23
11
12
24
17
16
23
16
15
25
14
12
13
15
15
14
16
24
20
14
13
25
13
17
13
15
18
16
16
14
15
9
13
12
13
24
13
17
17
11
21
16
12
18
24
16
12
20
13
17
18
14
18
22
17
14
13
18
10
9
15
14
19
12
12
23
10
12
18
16
17
16
15
19
11
16
16
19
14
17
13
13
17
19
12
22
12
15
13
11
18
16
10
11
11
14
13
23
16
13
20
11
14
16
12
15
12
15
15
20
13
10
15
15
19
12
15
24
15
18
20
10
20
11
16
10
19
14
12
12
15
10
13
15
12
20
13
12
17
16
11
16
16
18
16
13
15
11
18
22
21
19
13
11
19
26
8
21
20
14
16
16
11
12
22
15
18
18
12
22
17
12
13
22
14
8
11
13
9
14
12
13
11
18
19
10
13
10
15
14
16
17
11
17
9
13
15
14
19
16
17
13
20
11
17
23
14
17
11
8
17
17
14
16
11
19
13
13
14
13
23
16
14
17
13
13
20
13
14
15
12
13
16
15
10
22
20
18
24
24
12
15
16
15
17
16
19
15
11
16
12
16
18
19
15
15
16
12
15
18
18
14
12
13
17
17
17
16
9
12
19
23
15
16
10
17
15
12
16
19
18
14
21
11
15
20
11
20
16
14
13
17
18
12
14
19
24
18
18
22
15
15
11
10
14
23
15
11
21
12
11
18
13
14
18
6
13
13
10
16
14
16
14
14
20
14
12
13
14
16
8
16
13
10
19
13
16
