27
21
11
17
22
15
17
19
14
20
16
12
18
14
20
18
12
19
16
16
18
17
19
15
23
19
13
19
20
20
9
23
11
16
13
13
25
16
18
15
20
17
17
17
23
15
16
21
13
16
20
19
16
21
25
15
13
13
17
21
19
14
17
16
14
18
19
13
17
26
14
19
17
18
23
15
23
16
17
21
17
19
19
19
22
19
16
15
23
18
14
21
14
17
18
20
24
15
13
17
17
18
18
18
15
16
21
13
14
22
13
27
19
13
21
13
15
22
15
16
19
15
18
14
12
15
15
15
19
17
15
18
19
16
18
15
14
20
15
13
14
18
16
18
17
17
20
16
18
22
21
20
21
15
19
19
20
17
13
19
19
14
21
10
16
24
20
22
13
16
24
18
22
26
15
18
18
19
16
19
20
19
19
17
12
13
18
15
13
18
15
20
13
13
14
22
17
17
17
20
16
18
16
18
18
18
15
17
20
15
15
14
24
16
10
23
19
19
15
17
16
20
10
11
13
14
21
20
15
21
19
14
14
19
15
21
17
14
26
16
16
20
20
17
22
15
19
16
13
14
14
18
17
10
23
20
11
20
18
15
24
15
14
9
16
15
15
21
18
10
12
18
21
20
12
14
23
9
18
16
17
20
20
13
16
18
19
12
22
14
19
24
14
24
9
18
19
21
20
20
10
15
20
18
15
20
15
17
23
17
16
17
17
14
20
17
14
18
21
15
15
24
16
17
16
16
22
19
14
17
14
21
20
9
22
15
15
20
21
18
16
14
17
17
22
16
21
25
23
18
17
19
21
17
15
16
19
15
16
16
13
23
18
15
11
20
18
18
13
20
20
16
18
21
20
15
12
18
17
11
17
14
19
15
18
23
12
20
18
14
23
24
14
20
19
16
18
19
16
19
15
15
21
18
16
16
17
21
19
17
21
16
16
22
19
16
14
19
13
12
15
19
20
20
14
16
23
15
17
15
14
23
14
22
22
19
14
19
15
15
18
21
20
28
17
16
15
16
15
18
19
20
23
18
24
26
23
14
18
25
17
22
16
14
19
20
14
12
21
16
20
23
19
20
13
18
18
11
19
18
15
21
21
21
26
15
17
20
16
18
15
15
21
24
13
15
21
20
15
18
15
15
22
23
11
22
18
14
19
12
19
16
22
16
24
17
19
16
13
13
22
9
19
16
14
19
23
16
14
20
16
24
18
17
15
14
18
23
15
17
17
9
18
18
13
14
15
14
14
21
14
17
11
19
23
15
19
16
24
26
15
13
18
22
18
17
18
23
21
19
19
16
19
