20
21
18
21
18
15
15
19
26
19
15
19
21
17
17
14
17
18
22
15
14
21
11
19
20
18
24
18
24
15
15
17
17
17
14
13
26
22
15
20
18
20
19
21
19
20
28
17
20
24
12
15
18
21
17
17
19
20
19
17
14
20
16
14
18
16
13
16
17
19
27
12
16
16
14
14
16
16
14
20
30
25
20
17
16
19
17
13
19
13
20
25
16
22
14
19
12
23
23
19
19
22
22
17
19
17
19
22
17
18
16
18
13
20
24
19
19
13
23
23
19
18
23
16
22
28
21
16
22
20
14
22
21
22
18
25
20
22
19
17
18
22
23
17
20
18
16
21
20
14
24
16
17
20
21
17
16
18
18
25
16
17
18
14
17
23
18
26
16
21
21
17
14
22
19
18
21
22
25
19
17
19
21
13
11
16
20
15
21
16
11
17
15
16
20
17
20
23
17
16
14
24
14
20
14
21
18
19
12
23
22
19
22
19
14
25
24
22
27
22
19
20
19
14
24
16
21
25
14
16
20
16
19
21
13
26
16
18
19
17
16
23
26
17
17
16
20
31
18
18
25
20
14
22
20
14
28
22
25
17
20
20
19
23
17
23
25
18
17
12
17
16
15
16
17
19
18
21
12
18
23
18
16
19
23
17
22
19
20
24
21
24
14
22
24
21
19
23
19
16
22
16
18
21
25
16
23
18
20
21
27
21
21
20
14
19
20
15
22
20
16
12
15
17
21
17
23
23
22
21
23
27
23
21
15
22
17
22
22
15
20
15
16
15
18
18
18
19
16
16
22
21
20
20
16
16
17
22
20
27
23
15
16
23
29
22
23
28
27
21
19
24
21
28
25
18
17
23
14
20
20
24
23
21
17
16
18
18
24
16
19
18
15
18
16
24
17
15
20
21
22
21
18
22
15
19
24
20
26
24
17
24
17
16
28
26
9
24
22
16
26
17
16
24
22
19
21
22
17
17
20
18
30
18
18
20
22
18
15
20
24
17
22
27
20
22
32
25
24
24
19
13
14
22
18
20
19
22
10
19
19
16
13
20
16
18
15
23
17
27
21
22
19
14
16
17
22
16
25
19
18
17
19
22
18
24
23
31
21
22
13
22
20
16
25
16
13
13
23
17
16
16
22
16
23
18
21
19
19
17
17
25
21
13
27
18
21
13
20
20
