24
23
27
25
34
23
28
30
23
40
23
23
45
39
20
24
24
28
14
14
26
16
19
30
22
15
24
22
28
10
14
24
34
28
24
28
15
27
24
34
28
30
23
27
26
25
25
20
33
33
29
41
17
22
19
27
27
23
27
34
30
19
17
28
22
21
19
37
22
21
34
37
28
28
25
25
31
19
22
27
28
31
24
30
28
34
37
21
11
27
33
26
26
36
36
28
28
31
18
22
17
30
34
32
32
33
36
21
38
19
20
33
25
27
25
29
40
21
28
28
29
17
29
30
23
25
26
29
39
20
27
16
18
30
17
29
27
31
22
25
25
30
20
22
25
32
31
25
32
25
35
35
24
31
19
23
31
33
20
24
27
35
20
21
23
34
20
25
35
17
34
41
29
45
31
26
27
25
26
24
34
23
21
29
17
33
23
31
24
19
26
22
32
23
16
28
21
38
31
30
32
39
25
20
23
33
37
21
25
23
19
26
30
24
19
20
29
14
19
18
23
19
27
34
24
29
25
27
13
24
24
33
39
22
16
25
46
27
28
28
26
25
39
32
29
23
28
22
38
31
25
34
18
30
34
31
38
29
25
29
32
27
26
20
35
39
26
33
32
38
22
39
25
28
22
27
22
26
24
35
33
37
32
35
19
41
26
31
20
32
27
37
29
25
37
22
30
26
29
36
34
24
21
27
28
39
22
34
26
18
32
32
20
21
27
28
26
23
37
24
28
24
21
36
31
28
29
31
31
22
33
31
20
21
22
34
29
32
28
25
22
32
21
37
26
21
32
29
25
30
19
23
31
26
36
26
26
23
14
32
34
34
31
15
32
33
32
20
29
21
