26
31
40
30
34
30
32
43
44
44
34
26
31
50
38
44
39
45
43
40
43
43
30
36
34
36
45
27
32
46
34
39
38
29
32
39
41
38
43
32
35
32
44
36
38
31
43
49
29
28
32
37
38
42
37
42
37
34
32
26
42
40
40
32
33
30
32
43
45
40
26
24
41
48
40
49
43
36
28
42
24
46
39
23
34
42
32
37
34
40
39
40
34
39
32
39
36
38
29
39
30
41
44
39
34
35
36
30
30
31
41
40
62
25
38
38
43
28
42
30
45
28
37
28
37
31
37
40
41
31
21
44
42
36
39
35
43
33
31
32
28
29
29
38
44
33
38
37
44
31
26
40
41
25
40
41
36
36
22
37
38
34
45
30
38
28
25
31
19
34
51
36
23
33
45
33
29
36
30
34
42
37
22
38
37
52
31
27
41
41
30
45
34
38
43
46
43
50
45
33
30
28
28
28
29
38
38
41
42
35
28
32
39
42
37
28
33
44
33
32
41
39
39
31
39
42
48
38
39
32
42
47
40
35
34
33
43
47
35
36
28
44
42
35
44
38
34
43
30
31
31
35
42
36
30
47
30
25
29
47
22
40
30
37
44
27
31
43
29
52
31
37
43
39
37
31
