27
8
9
14
15
10
15
14
6
10
11
12
4
10
10
11
10
12
10
8
12
7
9
11
8
13
12
9
8
16
12
6
10
8
7
11
8
11
9
9
13
7
11
8
13
8
11
8
7
9
11
8
10
9
12
17
7
8
13
4
10
10
10
26
16
8
14
16
11
16
5
11
10
11
17
13
11
10
17
7
8
13
6
5
12
13
12
9
11
15
9
11
12
11
6
14
12
13
14
7
11
17
8
11
13
14
12
10
14
8
13
8
22
9
10
23
11
7
18
10
17
15
5
20
32
16
10
18
11
6
15
13
9
14
17
16
11
8
13
17
17
10
14
17
12
16
7
11
15
16
14
16
15
15
21
14
16
17
15
11
10
10
8
11
9
15
7
9
13
6
8
15
9
12
15
19
11
17
7
8
20
10
11
15
9
10
14
9
16
12
11
14
18
10
11
15
13
12
11
11
12
18
12
17
10
8
16
16
10
14
10
10
18
14
11
20
11
10
20
12
13
13
10
11
11
14
7
16
20
9
14
15
17
15
11
10
15
13
13
20
17
12
14
18
18
15
13
21
14
12
20
19
8
14
10
10
9
10
13
14
12
10
18
17
17
29
16
9
7
9
14
12
12
16
12
13
13
17
12
17
14
11
12
14
14
14
22
13
13
16
11
18
10
11
18
13
12
24
19
8
18
9
16
17
11
12
19
18
11
19
19
18
12
15
9
8
13
15
17
12
14
12
12
20
22
19
14
20
11
20
16
17
16
12
13
18
16
11
22
14
17
17
11
11
26
13
10
12
9
6
18
11
12
7
13
10
17
12
11
11
12
11
11
14
7
17
8
11
12
10
18
21
12
11
18
16
18
13
14
20
20
18
22
13
9
23
11
13
18
10
8
30
9
15
18
14
9
16
12
12
16
13
11
16
19
17
19
7
9
15
9
14
15
12
14
15
11
15
19
10
13
12
8
17
15
11
18
13
13
23
14
11
24
17
14
31
7
12
16
23
12
19
12
14
18
12
16
14
15
20
20
6
17
21
14
13
17
10
8
18
12
12
15
13
13
14
10
8
15
14
16
18
11
18
16
14
16
15
9
17
9
16
20
7
10
16
18
12
16
11
6
13
15
5
11
14
8
23
15
13
20
11
7
19
14
12
11
13
14
16
11
11
16
8
17
15
12
25
13
16
21
7
14
21
18
15
26
9
16
17
12
17
22
9
13
14
12
14
18
12
11
18
11
15
15
18
13
11
16
18
21
12
13
19
9
30
17
14
13
10
12
24
14
14
26
15
12
29
16
15
25
15
8
24
9
10
19
11
16
19
11
20
20
10
17
19
18
7
15
14
12
13
13
9
22
6
11
17
9
13
18
11
13
15
9
14
16
13
26
11
16
26
19
23
22
9
9
25
37
18
20
11
13
18
19
10
16
19
13
12
7
19
17
16
10
18
19
11
12
15
11
15
19
12
15
7
18
12
10
24
16
15
29
14
15
21
13
12
21
11
10
23
7
10
16
9
12
14
12
10
9
19
12
18
13
11
12
13
15
17
16
11
20
9
9
17
11
13
33
16
17
10
10
20
10
12
21
13
13
18
14
16
16
12
12
23
13
12
18
12
12
20
19
9
21
11
7
11
11
12
12
11
12
16
20
15
15
