51
53
39
55
42
44
52
49
41
31
37
49
38
50
47
47
46
36
46
42
42
61
47
38
46
35
36
42
45
55
45
35
45
45
45
52
46
40
48
47
38
52
39
47
52
39
40
43
45
38
46
40
45
43
32
44
46
37
49
42
42
47
40
45
32
40
57
58
47
51
37
53
37
40
36
39
35
36
43
54
45
48
45
50
46
41
36
40
42
42
46
47
47
52
48
44
45
33
36
46
49
46
46
58
50
56
53
50
37
48
48
47
35
40
49
38
51
42
32
45
34
50
48
40
43
41
46
48
34
44
47
54
45
41
47
42
41
39
42
55
48
36
46
53
45
51
47
39
44
42
46
40
33
42
40
44
47
54
36
54
43
36
39
46
48
43
53
48
53
38
42
39
47
32
43
45
37
42
43
49
50
38
43
59
52
47
39
53
49
44
48
43
40
54
35
41
40
37
29
43
38
38
33
47
46
40
46
44
43
55
47
50
46
36
45
38
38
42
47
31
33
47
35
41
62
50
35
38
