28
21
19
22
21
28
14
20
27
27
20
22
38
28
25
21
26
34
43
25
34
34
30
19
26
29
32
33
23
22
23
16
18
28
18
27
23
35
36
19
30
23
29
33
15
19
28
15
32
34
22
16
17
27
24
21
13
30
32
23
26
28
22
15
28
21
20
28
15
23
23
24
26
20
25
28
21
18
29
20
26
23
31
22
26
18
20
32
37
32
24
29
22
22
8
32
24
21
25
26
32
18
16
30
23
19
34
32
31
28
35
24
27
21
31
26
23
25
41
14
26
26
20
18
26
19
27
26
27
21
22
21
17
18
23
24
27
22
13
24
31
20
24
17
36
26
25
25
19
18
33
17
24
18
30
26
13
20
17
21
28
30
25
24
27
33
17
26
26
38
34
25
20
26
31
33
29
29
10
26
30
27
29
35
30
30
19
28
25
23
15
26
19
36
29
19
17
25
9
25
12
20
24
28
19
27
24
25
25
25
24
25
39
32
22
24
28
29
15
20
41
29
19
27
28
20
27
17
37
22
21
28
23
25
28
31
33
21
17
22
25
24
38
17
15
24
33
26
18
19
25
22
20
34
20
38
28
25
22
32
34
31
18
27
27
23
30
34
25
28
28
23
23
27
30
25
32
23
26
22
22
15
17
22
18
25
29
31
27
18
26
23
19
11
26
13
24
25
24
21
33
23
17
29
38
27
14
23
18
30
26
33
24
22
26
13
10
38
34
22
32
28
21
25
29
18
25
26
17
24
17
23
18
14
28
30
24
33
21
29
14
22
25
19
31
15
25
26
20
25
21
32
22
19
28
19
32
19
30
39
14
34
24
22
25
19
13
31
24
20
25
20
38
13
25
14
31
21
28
20
29
9
26
25
23
30
30
22
26
22
17
20
24
23
31
35
23
37
22
35
27
26
34
25
19
21
