64
46
83
50
30
52
55
37
38
85
58
62
45
101
59
51
54
48
62
52
63
51
94
70
57
61
49
76
58
62
41
51
45
83
74
58
54
45
48
42
35
45
44
45
73
60
65
47
43
57
41
92
67
50
66
55
53
52
38
52
54
34
51
46
83
78
69
41
55
44
44
55
47
47
49
96
72
54
49
42
54
59
58
94
64
53
46
55
66
50
59
58
51
48
88
70
52
58
62
51
59
43
55
127
65
61
67
58
52
54
49
61
57
51
43
41
46
68
77
71
53
64
58
50
63
65
62
55
63
66
46
53
58
58
52
46
47
49
73
47
61
50
76
58
49
44
62
65
110
59
56
58
52
50
67
62
58
55
51
69
63
69
59
67
57
56
60
64
59
56
60
55
66
