22
19
20
7
18
12
26
38
55
58
7
21
14
14
11
7
20
10
8
11
11
35
18
6
20
30
15
15
17
14
16
5
12
14
14
23
14
13
11
10
9
32
16
9
9
12
32
15
74
31
18
9
29
26
32
21
71
82
47
62
43
22
11
11
24
48
38
65
27
41
58
21
42
46
36
44
41
17
43
56
17
43
62
79
56
67
26
31
63
85
37
57
75
46
35
46
64
72
38
79
38
25
16
51
57
57
23
16
43
41
55
23
67
27
28
18
54
34
54
61
70
53
24
61
23
14
24
53
23
9
13
18
6
12
53
46
20
88
73
22
15
75
59
34
57
79
81
42
69
22
64
38
22
15
56
87
44
113
89
47
72
29
21
17
9
61
26
56
36
90
27
44
30
33
23
66
88
25
69
59
20
70
69
47
94
60
22
34
98
26
19
36
27
37
90
30
81
37
53
26
54
95
131
78
28
52
111
44
34
92
104
60
107
32
101
40
27
20
112
34
36
91
115
81
127
44
126
43
43
22
15
13
87
37
129
67
