23
29
28
26
28
17
20
28
22
25
24
26
24
26
25
31
27
29
27
27
32
29
23
30
26
23
20
33
18
25
26
23
23
33
32
28
30
23
25
26
28
25
20
25
27
26
31
18
26
33
25
29
18
22
22
18
26
22
25
32
27
21
29
19
28
18
27
16
30
28
34
26
29
21
25
27
28
23
37
21
33
24
19
25
28
24
25
29
25
28
29
29
27
26
25
17
26
21
32
23
33
28
21
33
26
21
22
29
28
23
29
30
25
24
22
21
27
27
22
19
21
23
29
22
24
26
26
22
29
29
29
32
30
31
24
29
29
22
24
26
27
21
17
26
23
29
26
26
22
27
25
31
24
33
23
25
22
19
29
20
28
21
27
22
37
19
32
30
24
36
33
22
20
28
21
23
35
28
17
26
20
33
25
26
26
35
33
33
22
24
18
25
28
28
31
21
29
32
26
23
25
32
18
26
23
30
27
25
25
27
24
28
28
19
25
34
17
24
24
18
36
33
23
21
24
18
27
25
23
21
24
23
35
27
19
19
27
25
32
29
32
28
32
23
36
24
22
27
34
30
29
35
20
23
27
28
24
34
24
27
29
35
32
26
28
19
27
29
19
30
25
26
27
22
17
23
27
21
31
24
33
30
30
28
24
34
30
23
31
30
30
29
27
22
27
26
27
27
32
27
24
27
23
23
25
30
22
21
34
30
24
31
30
22
28
31
23
23
26
25
27
25
33
26
23
23
24
29
29
22
18
23
28
22
28
26
25
21
27
24
29
26
27
37
36
29
42
25
26
29
34
26
34
24
31
26
29
22
30
35
23
33
29
29
34
29
26
25
30
32
24
32
33
31
28
20
28
28
33
27
