21
11
13
22
19
14
18
16
16
23
12
12
19
16
12
16
17
18
17
13
19
23
18
12
18
16
14
15
22
15
21
19
15
10
12
21
20
30
17
20
15
22
21
16
14
14
21
18
16
19
16
20
20
20
28
24
26
27
21
16
19
19
20
26
20
16
19
13
18
26
14
23
18
15
24
17
18
15
16
27
13
23
20
16
18
19
24
17
24
15
26
28
17
16
24
19
23
21
20
20
12
14
18
24
19
17
25
21
24
16
17
28
21
17
24
15
19
22
18
21
22
19
26
16
22
24
19
19
23
19
20
16
21
19
21
25
18
26
24
19
18
24
24
22
23
20
14
21
24
21
20
14
24
21
13
17
13
15
19
21
23
19
23
19
24
20
19
19
16
28
24
21
24
21
24
18
17
23
21
26
19
29
22
20
25
25
21
25
15
19
20
22
19
19
15
22
23
22
26
16
21
26
16
12
23
25
20
25
15
21
22
21
18
14
27
25
16
24
19
20
17
21
20
17
24
16
21
20
20
18
20
18
20
19
21
34
18
16
17
20
18
21
22
23
19
18
16
22
17
21
36
21
21
24
18
22
21
18
23
19
18
16
21
17
16
25
23
27
23
25
28
19
18
24
19
21
21
27
28
21
16
18
26
20
19
23
31
26
26
18
19
23
18
17
18
13
19
18
21
17
24
25
25
13
15
20
13
20
31
22
20
25
23
18
16
22
22
18
21
16
30
18
16
33
31
21
30
27
17
25
19
19
21
16
22
20
21
22
21
23
24
26
21
22
15
12
18
20
19
15
18
24
16
24
12
18
18
20
23
18
26
22
13
24
21
14
28
21
19
23
38
19
26
18
15
19
29
21
18
20
17
22
33
17
18
21
16
18
23
20
22
19
16
20
25
27
15
23
18
21
18
19
17
26
18
24
17
22
16
22
22
18
18
20
23
23
14
18
26
27
32
22
22
29
10
21
20
13
19
23
25
24
18
26
34
20
20
15
23
21
18
20
25
16
27
26
19
23
21
26
26
20
22
13
23
21
26
18
24
26
28
21
25
25
17
21
15
24
24
21
18
14
19
19
15
16
28
22
26
14
21
27
19
24
23
23
23
27
20
27
