14
24
21
19
16
29
32
24
26
19
27
22
18
19
19
22
29
29
24
20
13
22
22
14
21
14
13
36
16
22
31
17
20
22
15
17
25
23
21
18
21
19
21
21
18
15
21
29
22
19
21
25
33
21
19
17
26
34
22
28
23
23
23
18
21
24
21
30
21
18
25
28
22
20
24
22
25
34
29
22
27
21
14
25
39
27
17
17
21
20
18
27
24
16
19
24
15
24
23
21
22
23
29
17
20
22
26
30
28
23
27
22
23
25
24
18
16
25
30
23
24
33
33
23
15
31
16
21
19
23
20
32
23
25
22
18
17
32
24
27
20
29
31
22
20
18
19
20
17
18
25
25
22
26
23
23
33
27
20
35
17
25
13
20
23
28
29
25
21
26
26
25
22
22
28
31
21
24
18
20
18
24
21
23
15
23
19
26
30
22
27
29
32
27
25
22
34
23
20
19
25
22
27
28
25
26
20
25
32
25
30
23
37
25
27
22
20
19
25
23
19
23
20
19
24
22
21
25
23
15
25
20
24
29
25
28
18
23
25
19
22
24
23
23
23
21
22
29
21
23
33
24
26
17
23
26
26
25
17
28
24
22
29
18
21
21
24
19
21
25
21
26
32
26
27
20
30
18
22
21
23
22
28
34
24
31
31
25
28
32
23
21
17
21
35
26
27
28
24
21
20
21
20
28
18
35
25
21
30
26
28
23
14
28
20
22
17
24
23
31
35
17
18
19
31
27
24
32
28
24
27
26
26
22
23
24
28
20
29
24
20
27
24
16
20
22
20
21
19
22
26
21
18
22
21
20
29
24
19
25
22
30
18
28
24
23
29
18
25
22
17
24
27
24
30
21
18
25
25
23
22
22
31
24
18
29
29
17
20
24
21
29
21
19
22
17
22
19
25
24
21
26
23
22
28
18
27
20
28
28
21
28
33
25
25
23
20
29
23
25
26
26
23
31
19
34
21
