23
16
19
14
14
15
30
27
22
17
27
20
18
25
26
28
10
17
24
19
25
16
27
15
33
23
22
26
27
25
17
33
27
22
24
26
16
24
29
26
22
20
25
23
18
23
30
19
25
19
24
23
24
31
20
21
23
25
20
18
26
14
22
27
23
20
23
24
18
31
21
16
26
20
25
21
22
22
20
18
24
28
24
26
15
33
26
28
23
13
25
30
35
21
22
22
27
14
29
26
31
20
22
20
24
23
29
25
22
28
25
29
21
18
14
20
18
27
32
22
24
21
24
24
17
25
25
22
14
30
24
19
21
27
25
21
26
26
19
21
17
21
31
28
20
21
29
26
22
27
16
23
22
25
25
22
25
17
26
25
28
30
26
27
20
21
20
23
21
23
24
25
35
27
23
23
19
25
27
27
14
24
28
25
27
24
25
23
25
26
28
25
19
26
20
24
27
20
18
25
26
27
22
23
31
27
17
16
18
30
16
25
35
32
28
26
24
34
21
19
26
28
20
26
24
23
24
25
27
25
22
26
23
29
36
22
23
25
25
23
29
31
26
30
27
25
20
26
32
31
33
24
35
19
25
20
25
30
21
28
29
28
23
22
24
26
25
19
22
27
24
31
22
23
26
24
18
22
22
29
27
22
23
29
23
25
24
32
20
26
19
20
21
19
30
22
22
23
22
24
26
19
27
21
28
25
22
21
21
24
18
33
28
21
34
25
28
22
26
27
25
26
28
18
23
26
24
21
20
23
25
21
24
25
19
23
27
30
23
20
30
25
22
21
25
21
18
30
27
23
30
33
21
17
22
23
26
27
29
34
19
28
22
17
28
24
22
25
25
20
28
20
24
27
22
23
28
29
24
21
20
20
24
23
24
15
13
22
21
29
30
24
34
25
20
29
28
23
31
22
22
21
28
19
25
32
17
18
23
29
29
24
23
15
29
25
31
25
19
