26
20
25
25
18
22
16
11
15
15
11
25
21
13
21
16
19
23
16
15
27
18
16
22
24
23
24
23
20
19
22
37
20
15
18
25
21
31
24
22
18
32
22
21
20
17
21
20
21
20
26
18
20
17
21
19
22
31
33
22
22
25
23
21
18
19
29
18
19
23
27
22
22
23
21
22
19
22
26
24
21
21
19
19
18
25
28
24
26
27
19
32
24
31
29
26
19
18
23
28
26
26
25
29
20
29
25
23
28
21
21
22
18
24
21
21
15
30
22
16
21
20
23
22
24
27
25
22
24
19
23
23
22
18
24
23
19
24
18
18
23
22
18
19
27
22
31
24
28
26
26
22
25
26
18
23
22
20
21
23
27
26
24
23
21
23
34
22
21
17
22
17
22
25
20
18
18
20
21
20
21
29
15
21
24
24
21
21
24
23
21
25
32
29
21
22
22
20
18
27
18
24
26
19
24
31
21
21
25
16
19
25
25
29
22
22
24
27
18
24
25
25
20
24
23
21
20
20
24
24
22
25
23
27
25
24
28
25
21
28
27
23
19
28
24
28
21
21
29
22
21
28
17
22
22
21
24
26
15
16
32
25
24
21
19
23
19
32
19
27
29
22
24
30
27
19
21
26
18
30
21
27
22
23
18
18
22
25
18
24
33
24
28
26
25
20
22
33
22
17
20
21
22
28
19
18
21
24
24
28
18
33
25
31
17
24
18
22
18
22
28
24
27
25
24
19
17
20
20
15
20
28
20
30
19
30
23
17
25
19
22
32
26
17
23
29
28
17
21
27
21
26
23
22
16
25
25
20
18
18
22
27
18
22
27
22
18
25
20
22
27
23
18
27
18
21
19
17
16
32
28
17
22
18
28
17
16
21
24
26
22
19
19
21
20
23
20
21
16
27
19
25
32
19
12
28
20
18
25
30
21
22
28
19
23
23
28
24
22
31
23
25
25
30
25
23
16
18
24
28
26
25
26
21
23
21
19
26
26
19
19
20
19
