17
11
24
12
12
24
15
16
20
10
17
21
12
8
24
6
12
16
14
13
23
9
20
21
10
12
21
15
11
25
8
14
13
19
14
17
7
9
20
12
11
11
15
17
16
11
17
13
14
21
11
10
23
11
16
15
13
18
21
11
6
26
9
20
19
13
14
22
15
13
16
13
11
19
11
8
17
9
11
19
15
13
13
14
16
15
11
13
16
14
12
16
17
17
20
13
11
16
11
12
9
16
24
18
11
19
12
15
18
7
11
13
10
11
25
12
11
20
15
10
23
11
13
20
17
17
22
12
11
11
7
17
20
14
14
17
11
14
15
15
9
15
18
11
15
9
17
11
10
17
16
18
14
19
18
18
13
12
21
16
18
26
10
10
21
13
12
22
4
11
20
12
14
21
9
12
21
14
16
27
11
14
19
6
9
14
8
10
13
13
15
17
13
13
15
13
14
16
14
13
13
19
4
13
9
15
20
10
8
20
11
11
15
11
14
24
15
23
16
12
22
9
12
20
18
11
18
12
10
17
12
10
19
17
12
21
17
16
20
8
14
17
10
11
23
9
13
14
14
9
12
10
15
18
11
12
15
15
12
13
8
6
19
12
20
22
13
10
12
13
22
11
11
19
16
7
18
19
11
14
14
12
23
17
10
26
10
13
27
13
12
24
14
11
14
13
9
15
9
10
19
10
13
18
19
18
20
11
12
16
10
6
19
12
13
17
8
11
16
20
13
19
7
15
12
15
17
17
14
21
6
13
18
7
25
30
9
15
23
10
9
25
12
14
15
16
15
24
12
17
17
13
8
16
13
14
15
14
15
12
10
11
20
13
14
14
18
11
17
12
14
20
15
7
17
14
15
14
13
20
14
13
22
13
14
21
16
11
26
10
10
27
19
17
29
12
10
23
10
14
21
14
15
14
15
13
18
11
14
12
11
12
13
9
13
23
15
12
14
16
10
21
9
19
17
8
15
21
10
12
14
14
26
16
7
21
18
8
16
11
10
20
9
10
20
14
9
15
14
11
15
17
13
15
10
11
13
18
15
10
11
14
11
11
12
22
9
7
19
13
10
14
15
8
24
36
26
40
31
40
46
22
21
29
31
28
17
37
26
33
24
48
31
35
26
10
11
17
10
12
18
14
15
17
18
12
19
15
10
23
12
15
16
16
7
19
17
9
10
11
11
19
8
10
12
19
18
15
11
12
17
12
21
13
13
20
13
9
13
12
8
20
10
14
21
14
13
21
9
11
16
10
10
13
11
9
16
6
17
13
12
12
11
9
11
15
8
13
22
15
13
13
10
12
18
10
12
16
15
21
11
8
22
15
10
16
11
13
24
11
8
21
11
12
17
11
7
26
13
11
15
10
6
21
8
12
19
7
10
17
12
13
14
12
10
20
10
15
7
11
18
13
14
11
18
15
19
18
14
9
17
9
12
17
9
12
15
14
18
8
14
24
15
10
19
13
16
22
10
8
21
12
11
19
13
15
15
9
12
17
14
12
23
15
14
20
18
18
20
13
11
15
