48
41
50
43
43
45
58
59
55
56
50
58
47
52
33
52
60
70
46
64
48
50
42
37
46
43
59
43
52
56
41
40
52
38
53
36
47
55
42
48
43
47
56
42
51
50
49
46
50
44
43
57
52
42
55
46
58
63
47
56
51
62
45
42
69
52
59
41
57
67
32
48
50
55
47
38
40
57
37
64
55
34
41
52
52
55
41
44
39
30
54
35
43
50
56
46
49
46
60
39
41
53
52
57
46
54
34
54
51
48
38
41
55
45
39
39
45
51
50
41
54
55
72
43
72
39
41
48
43
38
59
56
38
45
33
45
42
40
52
44
49
55
46
36
24
45
34
55
41
40
59
50
41
37
45
50
53
56
37
46
47
50
30
37
54
44
45
56
46
48
40
56
53
46
42
35
65
47
62
47
49
43
40
33
35
57
47
48
42
37
52
36
44
49
36
32
49
35
42
46
55
43
52
49
26
51
40
52
44
54
47
51
