27
42
39
52
65
50
36
52
38
55
40
60
41
45
41
46
50
49
36
49
55
49
43
41
40
38
45
50
37
31
59
66
47
49
38
42
51
41
30
34
38
39
51
35
32
46
40
55
34
23
36
59
51
60
36
53
42
42
48
39
65
41
60
57
44
31
32
41
53
51
56
48
54
27
40
48
40
43
46
30
42
62
52
44
49
50
65
45
57
27
40
30
50
38
65
49
46
41
40
42
48
42
43
49
45
51
53
43
37
50
56
64
56
36
43
34
53
40
23
50
50
43
36
48
41
33
42
61
37
53
36
53
40
35
51
48
46
48
50
63
39
24
53
57
50
47
44
58
46
49
41
58
75
47
38
38
47
48
50
53
58
56
48
31
50
43
51
47
56
28
44
58
53
44
43
42
55
50
32
40
47
36
46
48
33
38
54
47
30
41
39
42
31
54
27
53
40
39
25
43
43
48
48
50
46
47
50
45
40
42
46
35
41
41
36
52
37
55
57
43
46
51
