21
19
22
10
23
21
29
19
15
28
36
29
26
18
25
18
20
25
25
18
28
28
22
26
29
14
21
21
35
26
27
20
14
29
26
22
27
21
16
15
27
35
25
25
16
25
13
24
13
13
16
32
19
18
22
24
19
28
34
24
20
27
18
24
27
22
17
25
23
20
26
12
19
17
21
14
15
14
15
18
8
20
27
19
15
23
26
15
36
21
16
17
24
26
20
27
23
29
30
16
31
30
22
20
27
12
21
21
23
23
33
28
20
22
26
29
30
17
21
28
23
17
26
29
21
16
15
15
12
22
28
27
17
17
27
28
21
17
23
17
26
22
16
17
16
36
20
13
22
18
24
24
25
13
26
26
22
25
29
19
37
27
22
29
24
22
12
15
20
22
23
24
27
20
16
20
22
28
34
34
17
20
21
19
26
31
21
19
18
17
26
31
28
12
30
21
31
29
21
35
20
25
28
26
29
24
29
34
26
28
27
17
25
25
18
18
22
24
20
17
27
17
44
19
21
24
32
23
30
26
12
32
22
28
23
11
24
18
18
17
29
24
19
11
31
25
15
15
26
34
44
19
23
16
30
44
14
45
33
33
29
15
28
37
11
42
34
33
22
18
30
27
26
24
32
36
23
27
38
24
49
28
34
38
24
33
20
23
21
20
16
22
18
15
18
31
18
17
21
28
25
45
37
33
25
26
35
20
35
18
31
35
37
48
34
36
22
18
15
23
24
21
28
24
30
26
21
30
18
30
26
33
18
17
51
20
24
32
21
19
27
17
17
34
38
24
30
32
35
21
17
25
21
40
19
29
33
17
21
34
27
31
25
33
22
14
30
19
31
35
26
38
23
29
29
24
16
34
29
24
37
34
27
24
20
26
10
39
32
26
24
17
28
29
31
26
13
19
44
34
42
31
21
47
14
25
17
21
27
25
