38
36
41
64
43
38
37
39
37
39
36
43
48
38
47
44
49
37
43
65
33
42
46
50
41
39
47
38
40
39
48
46
50
41
51
50
55
40
44
46
49
43
38
52
34
61
46
36
32
53
34
48
40
48
44
33
33
35
52
44
38
38
42
46
44
48
48
35
34
45
45
34
49
39
34
41
43
49
46
41
45
51
38
54
46
45
37
52
36
44
41
36
56
35
51
45
38
51
46
40
22
48
41
34
41
43
46
31
34
51
39
51
45
39
49
39
49
40
48
40
46
54
44
42
49
32
45
43
44
48
42
43
44
52
48
44
45
40
35
37
38
41
42
47
47
52
37
45
41
42
51
39
48
40
42
50
34
27
48
39
39
39
47
41
49
47
49
48
42
37
35
35
34
45
53
37
51
48
32
52
34
38
55
40
40
42
42
66
52
49
49
49
45
40
40
41
47
31
39
42
52
43
39
35
46
37
35
41
49
43
44
43
35
48
62
28
48
44
42
46
36
28
46
32
37
44
42
30
54
32
32
39
49
38
