27
11
14
13
9
19
10
10
24
12
9
14
16
11
19
8
15
14
8
14
17
8
15
6
18
16
9
15
20
15
12
12
12
9
17
16
7
9
13
9
15
11
13
18
7
11
16
8
9
9
7
11
23
10
10
18
10
12
9
13
6
21
10
13
16
10
7
13
10
10
13
22
15
14
15
27
8
9
14
13
13
13
19
15
16
16
10
12
12
9
16
11
11
19
13
16
17
17
10
19
13
11
22
12
14
13
12
14
17
10
12
15
11
9
8
7
13
17
11
15
12
12
9
23
11
12
14
13
12
21
19
16
14
13
17
14
10
15
19
9
15
9
16
17
12
8
20
12
13
21
13
18
18
6
17
15
8
8
16
19
13
14
11
10
11
10
23
27
25
15
14
11
6
16
14
12
22
12
12
25
11
14
19
12
9
23
12
16
22
13
12
19
10
10
15
9
9
11
11
11
22
15
15
16
12
9
24
12
10
19
9
12
17
16
15
17
9
20
18
18
12
16
16
12
9
13
19
13
11
15
13
12
22
11
10
25
13
14
16
12
9
23
13
12
16
14
20
22
17
14
17
8
11
17
10
14
14
17
18
23
12
12
15
18
10
15
13
9
13
9
14
17
13
10
18
16
11
26
17
13
18
12
11
20
12
19
13
16
27
14
14
28
9
13
16
15
14
19
13
16
17
15
10
20
19
17
22
12
11
9
14
11
18
13
15
18
18
8
18
15
10
16
10
11
16
8
15
18
12
11
18
19
9
17
14
15
15
6
9
12
15
14
14
13
27
14
12
27
13
10
19
13
8
16
10
14
22
10
12
22
11
12
23
13
12
18
12
10
14
13
10
22
11
13
19
8
13
12
14
12
13
12
15
13
11
12
15
14
14
12
7
13
20
16
18
21
14
17
17
12
20
15
7
18
13
17
24
11
13
21
9
17
20
8
12
17
18
18
18
13
11
31
13
12
19
22
11
14
14
9
16
14
11
14
11
13
21
14
10
16
9
16
19
17
20
19
15
7
25
11
18
19
18
13
11
15
19
14
16
20
11
15
20
15
15
20
14
12
18
16
14
29
14
10
27
9
12
18
10
12
15
16
15
18
11
13
16
15
14
15
12
13
13
20
13
16
11
11
16
11
14
21
17
12
17
9
12
13
8
12
17
12
22
26
13
15
9
20
18
17
7
25
11
10
27
7
11
26
13
12
18
9
9
20
10
8
24
15
18
14
15
13
22
12
12
14
14
16
12
13
12
11
6
18
15
23
13
19
14
9
19
16
12
23
15
13
17
11
12
21
9
14
15
9
21
17
17
30
14
14
24
24
16
21
15
9
21
11
10
20
10
12
22
10
13
23
19
19
12
15
11
17
14
14
16
15
9
17
17
9
11
11
14
18
10
11
14
14
14
15
9
14
16
16
15
18
15
17
13
15
31
18
17
27
17
16
28
15
15
22
17
16
14
14
16
23
16
10
16
14
16
17
12
14
20
17
18
24
13
12
10
15
16
13
13
16
22
16
16
13
8
8
17
11
16
19
9
13
18
8
13
16
14
19
17
11
19
