10
14
13
13
16
12
10
16
16
16
17
13
11
14
16
11
20
10
8
18
9
8
15
11
8
12
15
11
14
6
10
18
14
15
14
12
14
14
8
14
18
15
16
13
11
22
13
11
14
11
11
22
14
8
14
12
14
15
9
10
15
12
6
15
7
11
22
23
7
23
8
16
15
10
14
11
8
16
16
11
14
16
8
12
17
8
10
14
13
17
10
10
7
11
5
14
14
14
19
8
10
15
6
19
16
12
15
17
17
13
17
8
11
22
15
13
15
14
16
24
15
17
25
13
11
29
15
15
8
12
18
19
11
16
16
15
24
16
14
23
11
13
19
13
11
24
8
9
19
17
11
22
12
14
22
7
14
16
5
14
19
12
11
14
13
12
12
9
13
19
15
19
16
13
9
19
13
12
13
11
14
12
12
18
11
10
23
19
14
19
13
12
19
13
12
18
14
10
15
15
9
18
14
13
13
9
13
21
11
17
22
12
13
15
6
14
11
13
15
13
13
15
12
6
12
15
10
25
9
11
20
17
13
19
15
12
18
15
11
21
12
19
20
15
10
17
8
6
14
11
11
16
10
13
12
8
11
14
12
16
16
13
9
15
14
12
18
12
21
12
21
29
14
12
28
15
14
23
10
18
17
13
14
26
16
16
19
12
12
9
6
11
22
11
11
14
8
8
12
19
13
16
5
10
15
12
11
18
11
11
14
14
13
17
12
20
17
11
25
10
10
24
10
14
25
22
12
23
12
14
16
14
18
23
10
15
18
15
10
16
12
10
14
12
10
18
12
12
13
8
14
21
14
10
20
10
19
25
22
28
17
14
26
13
16
23
18
13
22
11
16
21
16
10
19
11
8
18
15
19
14
17
9
19
15
16
19
16
15
19
15
12
14
11
18
24
9
18
14
15
16
25
13
16
18
16
26
12
13
21
11
14
30
12
16
24
21
13
15
13
19
14
15
12
13
14
10
20
11
15
16
10
11
19
10
11
17
10
11
17
21
14
22
12
17
17
12
20
17
9
25
8
13
23
17
11
20
14
10
23
13
16
27
17
14
22
20
15
23
16
17
21
11
17
18
14
16
12
18
10
14
17
16
18
12
14
14
14
13
17
18
18
24
13
11
20
15
19
8
9
27
14
11
17
21
9
17
10
15
23
15
10
21
18
8
18
15
10
14
16
10
19
8
11
11
15
19
14
19
16
10
8
22
17
12
17
19
9
18
11
17
18
12
13
23
13
21
22
12
12
23
9
16
24
11
13
19
13
7
23
16
18
20
17
12
18
11
8
15
11
11
17
12
12
22
11
14
22
16
7
14
17
10
12
13
16
17
10
14
6
17
14
12
10
18
12
8
20
9
14
15
13
12
13
23
10
24
13
10
24
13
18
15
12
10
14
13
12
15
11
18
25
12
15
11
10
8
20
16
17
13
18
12
17
9
19
18
14
12
13
13
16
15
9
21
12
18
17
18
15
26
6
13
27
14
10
22
10
18
17
12
18
18
12
12
16
11
12
18
18
8
13
11
10
17
14
12
17
11
12
15
14
21
