27
14
11
13
16
18
12
18
18
18
14
17
16
17
20
20
14
11
17
12
16
15
14
22
15
12
14
17
10
13
13
13
14
22
12
20
13
17
17
13
11
14
18
20
16
9
10
16
15
13
15
16
18
11
11
19
15
8
10
15
17
20
20
15
17
12
16
15
15
18
9
12
16
13
16
18
10
14
17
17
11
18
17
18
19
13
14
12
15
14
15
11
15
12
14
17
13
17
14
11
19
15
14
9
9
18
14
15
14
14
16
16
14
17
11
15
15
14
14
15
13
14
14
14
15
10
16
16
12
14
14
14
15
19
14
19
18
9
21
11
19
14
16
13
22
16
13
16
14
12
14
18
13
19
18
12
18
11
17
17
19
11
15
13
13
18
13
10
19
12
14
16
16
16
18
15
19
21
18
22
13
15
16
17
19
15
16
14
19
22
14
15
10
14
13
11
16
13
11
17
17
11
15
16
14
17
12
13
13
9
17
16
14
15
12
15
17
19
12
17
19
20
12
19
17
15
21
10
13
13
14
14
11
12
18
11
13
11
21
10
19
17
12
19
15
15
19
17
11
16
15
17
16
15
18
14
20
14
20
17
16
14
17
25
16
17
19
19
16
15
17
14
17
14
17
13
16
13
18
19
13
21
19
16
15
14
16
20
14
14
15
18
13
17
14
15
14
18
17
15
15
19
20
15
21
17
18
23
20
16
12
19
14
15
14
17
11
23
18
17
16
13
17
20
18
18
15
18
15
14
18
14
16
16
13
14
12
21
19
19
17
14
15
11
17
20
15
11
20
14
14
22
16
23
18
15
15
23
12
15
15
13
15
18
14
20
17
11
15
22
9
14
22
16
20
17
13
10
18
15
16
24
16
13
17
14
17
19
14
17
19
18
22
14
16
18
15
13
19
17
15
19
16
13
21
14
12
21
17
13
15
16
16
19
11
16
18
16
16
17
13
18
13
20
14
18
18
14
22
16
18
16
16
23
11
12
17
15
11
19
23
18
26
18
15
16
19
22
15
10
16
15
13
14
14
17
13
13
19
12
18
20
14
17
21
14
20
16
19
11
16
13
21
13
18
13
14
19
13
17
25
17
20
14
17
17
21
10
15
23
15
18
18
21
14
20
18
16
17
11
20
16
16
21
15
21
16
16
18
14
17
15
16
18
16
12
16
18
22
18
16
16
21
12
22
16
20
22
18
14
19
16
20
21
17
14
17
15
13
14
15
16
17
19
13
13
17
16
18
18
24
17
16
17
20
11
16
15
14
19
14
16
12
25
20
19
17
13
19
12
15
24
15
14
18
18
12
21
16
18
22
15
22
17
13
17
17
17
18
15
14
15
19
10
14
16
13
16
12
16
11
18
12
15
19
10
18
21
18
14
17
13
14
21
18
16
16
22
20
18
13
19
18
19
15
15
21
19
