15
19
10
17
16
12
16
12
17
13
12
21
12
13
12
15
16
16
20
14
15
13
13
10
12
20
12
12
17
15
11
19
13
15
9
14
12
10
16
15
21
12
16
12
11
12
12
19
14
10
20
12
6
14
15
14
17
14
16
16
18
17
13
17
9
15
12
13
19
10
12
14
13
13
19
13
13
19
13
14
18
11
12
16
16
13
11
14
13
16
12
9
11
15
12
12
15
12
12
16
16
7
11
14
16
16
11
11
9
17
11
9
12
16
17
20
13
11
10
14
15
16
18
11
15
15
16
14
19
13
12
13
15
13
10
18
13
14
13
15
13
20
11
17
15
11
14
19
14
17
13
14
16
11
12
13
15
13
14
11
14
13
12
13
14
14
11
15
18
10
15
13
13
17
14
22
14
14
13
13
10
13
10
12
15
15
10
15
14
9
19
13
16
19
19
23
12
10
16
15
16
17
10
12
18
13
16
17
12
10
18
14
12
16
10
9
10
10
18
14
11
10
15
14
11
11
15
12
10
14
18
14
9
16
11
21
18
19
15
13
11
12
15
11
13
13
17
15
15
11
15
12
13
13
17
12
15
7
17
19
15
12
19
14
13
17
16
13
12
13
11
16
20
12
12
12
11
10
16
11
18
13
14
18
13
14
15
17
15
12
20
16
19
15
14
15
8
16
16
18
18
14
16
18
10
13
16
15
15
12
11
13
13
17
12
16
14
8
15
13
20
21
18
16
15
12
13
11
13
14
17
16
12
19
18
9
14
18
15
16
19
11
16
12
24
15
16
17
18
14
12
15
14
15
12
16
17
15
10
12
18
12
20
13
12
15
15
12
21
14
15
19
11
19
17
13
13
16
13
13
16
17
14
16
14
18
16
17
17
16
14
17
14
13
18
15
14
24
12
16
17
19
15
17
16
16
24
13
13
20
17
13
17
17
18
18
17
14
21
11
21
17
14
14
13
11
14
13
10
15
19
15
17
18
18
19
11
14
21
12
15
26
17
14
22
24
14
21
18
14
15
13
14
15
20
13
18
12
18
16
13
13
16
14
17
16
12
17
14
14
12
15
19
13
17
10
14
13
18
20
11
12
17
17
15
18
11
14
12
18
11
18
13
16
19
17
10
16
16
16
14
16
14
20
18
14
17
17
14
15
17
12
14
10
18
13
16
17
21
13
13
13
18
16
12
12
17
14
14
19
11
17
23
15
11
17
10
12
22
12
18
21
17
9
19
18
11
18
13
16
16
16
14
18
16
11
15
12
23
16
10
13
12
16
13
15
13
13
12
16
20
17
15
17
13
9
19
26
17
19
18
15
16
10
16
21
14
17
18
11
12
15
12
18
18
18
12
9
15
14
17
15
18
15
17
12
11
18
14
11
16
11
14
11
16
21
13
13
15
12
20
15
12
22
12
12
22
20
13
16
17
16
17
13
16
20
15
14
15
19
14
12
15
12
14
13
20
15
19
14
22
13
11
13
15
15
14
12
20
14
16
23
16
13
21
14
12
15
11
13
15
14
11
18
15
19
13
16
