37
43
46
45
37
35
49
40
50
35
32
30
45
33
39
46
30
35
37
32
32
44
38
44
46
40
33
37
32
38
44
41
42
36
33
39
35
38
39
41
36
39
33
40
39
40
35
34
31
35
46
44
42
44
32
38
42
42
42
36
42
37
42
33
36
39
40
38
39
52
34
31
43
37
39
35
52
42
33
37
38
41
38
49
39
43
39
40
37
44
45
43
37
37
43
32
41
43
37
40
32
46
45
45
39
37
42
44
39
45
42
37
34
40
36
50
42
35
34
36
35
39
44
37
38
39
40
41
36
39
38
41
42
37
44
33
45
38
34
43
48
40
52
38
42
36
31
34
36
40
57
53
34
44
35
36
32
38
39
37
34
39
52
37
43
40
51
36
38
44
36
39
36
42
45
41
37
44
37
37
44
40
36
34
38
31
36
33
40
50
41
35
41
44
34
41
36
42
46
42
38
40
35
43
37
32
39
32
41
40
36
35
40
35
41
40
31
40
36
46
48
33
34
37
43
46
40
34
38
37
36
34
41
34
40
40
37
39
41
35
34
40
45
40
37
33
36
42
36
32
42
39
34
48
40
47
