32
15
11
20
11
16
16
11
23
18
15
14
12
10
10
24
15
16
17
13
20
11
11
17
16
14
19
10
16
19
13
12
12
11
17
21
15
19
11
13
17
10
6
25
10
10
14
8
12
14
7
13
18
8
9
12
10
11
7
8
13
7
15
12
12
20
17
15
13
14
17
11
18
14
9
12
14
6
16
13
6
15
14
17
21
14
17
14
11
18
14
18
16
11
10
21
10
14
28
9
13
9
19
6
15
12
10
16
6
9
9
9
13
17
7
10
10
8
13
7
11
19
10
18
14
14
6
14
13
9
12
14
9
17
10
10
16
8
13
17
8
12
10
6
9
6
11
13
11
12
11
9
9
10
9
16
6
11
13
15
8
8
14
11
8
8
9
13
11
8
20
13
15
25
15
9
13
11
8
18
19
7
15
14
10
15
13
15
16
8
15
10
13
20
8
12
24
13
13
18
16
10
16
13
18
10
11
12
14
14
15
17
16
15
21
11
10
16
14
17
12
9
17
15
16
14
13
10
16
13
13
12
17
13
13
16
11
25
27
15
24
15
12
16
14
14
14
14
16
26
17
16
16
12
15
10
11
6
18
8
10
15
14
20
19
10
13
23
11
12
18
13
10
19
17
12
15
18
15
12
10
25
13
15
27
12
13
18
17
16
20
12
15
19
14
19
29
11
9
14
17
18
17
13
11
16
10
13
14
17
11
17
10
15
9
12
12
18
21
9
22
10
10
22
15
17
17
12
23
16
13
24
17
17
23
19
11
25
17
8
21
11
13
21
13
12
12
14
11
13
12
12
14
9
16
18
15
12
21
14
18
22
10
18
19
13
19
20
9
23
10
16
20
12
15
23
8
13
24
12
12
20
14
14
20
15
11
13
10
9
16
13
11
17
11
8
13
10
16
20
11
12
16
14
15
16
11
11
14
9
8
18
24
28
11
15
23
13
14
18
10
15
25
8
14
13
15
14
28
10
15
21
15
15
28
13
9
18
11
13
15
13
12
21
9
14
19
15
17
18
17
9
22
13
15
17
10
22
17
15
26
12
8
14
24
13
13
13
16
25
15
16
26
9
12
18
13
10
17
18
11
17
11
17
14
15
13
11
12
16
24
12
11
15
9
17
20
14
11
17
14
16
16
15
16
17
13
13
13
14
27
13
14
26
12
14
20
10
13
21
23
14
22
13
13
20
9
17
17
20
17
17
14
20
15
11
10
14
10
13
22
9
12
11
8
9
15
7
18
17
13
20
24
19
23
12
18
21
10
11
28
12
9
21
12
17
18
9
12
17
15
10
16
10
10
22
6
8
21
17
13
15
15
10
10
9
14
22
11
8
19
17
10
16
11
13
13
12
9
24
12
16
17
11
23
11
20
31
7
10
21
10
20
20
16
15
27
14
15
23
11
11
16
13
16
13
20
7
16
15
12
20
11
11
16
11
14
20
14
12
17
12
15
20
15
20
22
14
16
17
11
27
18
17
30
13
9
19
8
13
14
12
14
18
13
10
25
16
12
16
10
18
15
14
12
22
10
12
7
13
9
18
13
14
17
13
11
20
15
11
10
