26
24
21
21
16
15
14
24
14
17
17
23
26
16
34
33
17
20
17
19
16
15
18
21
21
19
16
19
17
24
14
19
14
15
16
12
22
19
25
16
19
23
17
22
16
23
17
13
14
20
18
19
22
16
22
15
23
19
12
21
14
21
23
16
17
19
15
18
12
16
21
12
24
15
19
17
26
19
11
18
16
16
18
19
18
22
17
18
18
14
21
20
26
15
14
17
15
19
19
19
21
17
19
19
24
15
19
15
16
17
18
21
16
17
26
24
16
19
17
9
21
19
23
16
18
19
21
18
18
19
16
13
16
26
13
16
21
14
16
20
21
21
16
19
16
20
15
18
21
13
18
16
19
20
18
19
14
14
18
20
15
22
16
29
19
15
16
26
14
12
25
20
18
11
22
14
20
15
23
24
23
14
12
13
13
23
20
24
19
17
19
18
24
18
16
19
19
17
16
25
19
24
14
13
21
17
21
16
20
15
20
14
18
19
18
22
17
18
20
20
18
19
22
15
19
14
21
13
14
15
14
13
23
21
17
14
19
14
19
20
15
23
15
16
19
21
26
16
22
20
25
16
21
17
25
19
16
25
12
11
19
19
17
20
19
17
16
23
20
14
16
19
23
12
23
21
17
18
16
18
12
19
18
16
22
22
16
21
21
18
16
17
11
21
23
26
21
19
17
24
15
24
16
20
15
15
27
19
17
20
15
21
20
19
19
14
19
16
14
18
17
23
20
26
17
17
21
22
17
20
17
21
14
20
16
17
16
17
16
13
21
20
28
20
25
19
20
16
19
21
15
15
26
14
14
21
18
17
27
20
16
17
14
20
15
17
19
23
18
17
17
21
18
14
21
20
19
16
16
18
14
20
18
13
23
18
17
23
16
18
20
19
20
22
22
17
24
17
27
14
17
16
19
18
16
18
16
18
20
16
21
17
23
17
19
16
15
19
22
23
23
20
18
15
20
14
16
16
14
18
21
22
17
17
19
21
25
20
22
19
19
16
25
15
28
20
21
18
23
22
26
18
20
24
14
16
18
16
20
18
16
21
15
13
14
16
19
25
22
22
24
16
17
22
19
22
19
13
25
17
20
24
21
18
18
15
17
25
17
17
15
19
23
19
17
22
22
19
16
17
15
15
18
23
13
21
22
23
15
24
19
21
17
20
23
21
20
18
26
21
18
17
23
13
16
26
25
23
21
15
19
20
17
15
18
15
14
17
