23
28
35
22
17
14
14
8
14
15
25
18
18
30
25
27
18
26
20
31
20
35
19
35
45
24
30
21
34
16
16
25
24
20
20
24
27
22
43
30
33
21
26
31
23
26
26
24
34
34
31
36
34
16
23
11
7
29
31
29
36
48
39
18
37
29
30
18
42
37
38
41
30
27
38
38
28
28
31
20
49
29
34
27
55
39
23
32
60
43
50
25
63
35
36
28
51
22
14
36
34
14
40
30
11
26
48
38
28
29
51
41
35
30
41
29
28
33
36
34
44
36
27
40
31
29
37
30
28
34
30
40
29
34
16
12
11
59
52
31
36
36
32
36
47
41
47
25
38
28
31
39
29
40
36
21
35
28
33
26
33
35
34
38
49
28
29
20
23
32
24
34
39
50
25
25
41
59
32
38
47
31
46
43
30
33
40
39
40
16
35
51
37
33
35
22
43
46
36
37
27
33
46
25
51
33
19
36
33
42
55
37
20
36
43
37
34
40
46
36
42
20
31
25
35
28
54
57
38
30
38
32
36
51
39
43
10
12
16
24
41
50
43
59
25
43
46
32
46
32
34
44
15
33
39
38
60
25
46
40
34
41
37
49
58
47
48
47
44
49
42
31
54
52
46
51
29
53
48
19
13
31
35
47
51
44
30
29
42
44
59
38
41
62
29
29
18
