39
78
49
58
58
41
64
52
41
52
36
57
57
49
84
41
56
55
59
71
60
83
59
52
64
47
46
64
81
63
59
48
59
46
60
51
80
60
40
65
59
64
50
89
65
54
53
72
34
54
62
58
61
67
61
58
59
63
50
38
49
49
40
50
55
54
40
38
50
41
53
45
30
47
43
53
38
60
49
38
37
43
39
42
48
37
57
38
46
55
43
33
46
31
42
48
49
47
47
32
51
45
51
50
36
38
35
65
43
42
53
42
41
36
49
46
33
49
46
51
38
48
61
49
51
63
44
36
44
32
47
49
57
63
58
44
43
57
44
67
50
50
39
50
57
52
56
49
50
42
43
50
56
58
40
47
62
56
42
50
56
42
45
50
50
62
48
50
43
40
32
54
45
43
48
50
53
60
48
43
53
44
84
59
62
68
50
41
67
59
67
67
73
53
46
51
