17
40
33
20
34
43
45
38
30
25
32
31
29
42
33
33
31
42
44
22
34
31
31
33
33
30
44
24
35
29
35
37
39
33
40
33
29
32
28
36
38
17
31
26
37
43
42
30
38
29
44
29
30
27
42
39
25
24
33
27
47
32
30
29
35
29
32
44
32
35
35
46
39
34
42
27
22
42
46
39
43
30
33
39
32
40
31
36
53
27
35
48
38
32
39
36
43
31
40
32
38
27
45
33
18
30
32
49
43
45
35
27
45
27
47
19
24
37
52
34
45
29
21
39
29
51
38
28
37
42
21
35
36
22
36
25
47
30
26
50
58
33
36
33
48
48
30
50
37
38
49
49
38
39
41
40
38
32
39
51
53
32
42
16
33
18
50
27
43
43
49
47
49
46
49
44
44
55
46
40
37
28
47
40
43
41
38
43
38
40
43
32
50
35
34
43
30
43
36
37
42
35
36
39
39
52
42
36
51
31
33
42
42
50
55
48
25
41
47
32
38
39
44
14
32
42
36
30
23
28
36
33
34
33
52
36
41
32
28
32
37
34
47
40
21
39
58
47
60
39
38
42
38
33
36
40
32
49
35
31
22
31
47
45
40
25
36
38
40
46
36
46
