47
68
43
51
73
69
54
52
68
70
69
45
34
55
71
68
70
78
70
76
65
62
72
48
61
80
36
80
53
67
49
58
36
67
72
52
61
51
41
55
38
45
42
41
30
39
31
40
44
49
50
42
41
42
39
40
56
54
44
42
40
56
53
52
37
55
43
56
54
47
59
39
48
50
65
54
55
41
42
52
61
50
48
40
54
45
52
50
29
42
53
49
46
48
49
45
50
38
43
47
43
42
48
40
42
51
51
65
52
71
48
36
41
57
54
33
30
42
57
55
51
52
36
38
52
49
37
51
43
55
45
55
41
46
46
43
37
47
30
30
50
74
55
49
36
34
59
41
43
25
45
47
67
53
66
64
41
60
37
45
38
52
48
67
52
53
56
46
50
49
60
61
53
50
41
55
35
59
43
39
41
60
55
50
42
38
57
43
32
43
49
50
46
39
59
59
36
45
43
53
60
