43
60
58
45
45
30
53
39
57
34
45
36
56
49
58
54
61
53
49
57
41
74
61
48
75
57
39
49
47
67
48
30
56
36
64
55
58
51
46
31
68
39
45
67
53
51
60
43
48
55
53
73
58
57
52
44
71
58
54
53
48
59
44
54
52
47
67
52
39
56
65
57
66
51
62
62
47
50
50
54
61
58
55
58
77
48
48
44
54
48
53
60
67
56
61
60
61
52
70
57
51
45
54
66
41
70
44
45
65
46
59
64
52
54
47
57
68
43
47
44
27
34
57
53
43
41
71
60
56
42
65
57
37
75
67
42
65
58
46
70
66
34
66
41
62
59
53
52
79
62
61
51
58
55
55
56
47
45
63
53
58
43
49
43
43
42
48
38
35
53
32
24
35
49
34
28
27
28
46
40
35
47
45
41
51
38
39
42
27
35
36
42
49
49
36
