26
25
39
49
49
45
37
29
32
42
43
32
48
25
31
27
39
37
22
31
38
37
40
46
52
36
40
39
29
35
57
31
56
39
49
38
48
35
19
35
48
43
33
57
31
51
49
50
53
51
36
34
26
34
43
38
36
49
35
39
34
55
49
36
30
43
42
70
26
44
38
38
27
41
54
49
40
31
39
60
51
43
33
34
33
43
47
45
58
52
40
33
35
62
34
52
42
60
49
37
51
36
41
42
42
47
43
37
44
41
47
45
50
41
35
49
45
49
33
47
39
61
60
56
81
47
55
43
54
66
33
37
45
76
48
32
40
69
53
60
61
38
44
39
50
45
57
78
38
47
43
55
55
42
41
42
43
50
43
39
46
49
28
60
54
66
60
48
47
54
72
85
32
51
49
60
82
34
42
44
42
45
66
41
43
63
35
42
54
51
39
61
52
50
48
49
59
41
48
59
51
47
30
29
39
38
46
65
52
52
45
43
34
38
31
39
52
49
32
51
43
46
42
62
