64
60
57
32
55
65
62
70
46
58
59
70
61
55
66
53
50
61
49
46
54
69
82
65
81
73
75
60
70
72
78
73
55
60
53
44
51
60
42
58
55
49
35
37
46
34
48
33
39
44
37
56
35
37
42
37
41
44
51
29
45
28
44
41
35
40
34
50
46
40
40
49
57
53
48
40
48
70
59
36
47
53
38
48
45
54
48
48
36
42
52
42
36
39
43
36
45
38
45
55
35
34
44
50
43
44
44
39
47
28
38
52
54
50
45
55
44
47
44
36
55
50
42
43
32
40
38
52
50
55
43
54
48
55
46
38
56
44
44
51
42
49
58
57
45
54
76
40
43
46
47
26
54
65
50
51
38
44
59
54
64
44
51
64
69
47
50
44
63
58
73
61
58
48
45
62
48
55
49
76
79
68
38
62
70
55
51
54
71
60
62
77
63
57
48
60
65
