7
11
23
19
16
49
45
36
54
32
44
53
34
41
33
29
34
34
48
26
38
22
25
30
47
27
49
29
50
45
19
50
23
33
17
58
45
51
43
42
56
46
31
44
30
28
47
21
45
27
74
36
53
38
42
36
32
50
41
42
48
24
35
44
40
17
31
39
46
34
43
36
49
35
35
49
48
30
31
39
44
49
30
40
28
37
42
36
36
58
23
39
42
30
28
69
30
48
48
53
54
58
38
14
42
27
27
65
27
63
37
37
38
39
31
22
33
31
39
39
31
30
29
24
12
17
40
24
15
37
21
35
25
36
26
40
22
35
33
33
39
48
27
25
27
31
28
34
32
16
32
35
39
37
31
39
40
15
30
18
18
30
36
36
37
24
40
39
26
24
13
38
45
44
34
32
49
32
29
40
29
56
38
51
33
26
32
39
39
44
40
26
35
37
24
37
41
45
42
22
35
48
38
30
29
29
41
37
27
41
28
29
53
28
47
37
39
29
32
26
36
24
39
40
42
30
25
32
23
39
21
28
44
39
28
21
27
50
23
41
30
37
37
29
31
36
28
50
40
46
42
32
38
35
33
36
53
47
36
42
32
43
31
37
35
44
49
38
34
27
43
52
28
39
33
37
20
20
37
40
43
