56
56
45
46
50
62
47
54
46
55
49
45
57
50
50
51
49
60
52
50
50
48
58
52
41
64
62
50
42
60
63
46
46
47
62
54
50
53
53
52
46
50
45
42
44
63
53
58
54
47
57
58
56
50
50
48
56
47
45
44
60
52
49
56
60
62
55
56
51
57
59
49
61
69
60
57
49
54
64
49
62
47
59
47
59
50
44
52
55
76
61
67
52
57
55
56
61
43
66
53
55
63
75
50
60
46
44
60
51
67
62
41
54
53
65
48
63
51
60
60
48
55
59
58
65
50
45
57
43
48
59
53
59
51
44
67
61
61
63
63
63
42
74
59
57
52
47
40
53
46
52
47
63
68
54
52
66
51
62
55
63
71
44
46
62
74
47
50
54
50
67
62
59
52
57
62
66
54
88
71
47
60
63
