15
11
22
9
10
16
15
10
15
8
12
16
15
16
23
15
12
15
20
13
15
11
17
16
19
8
15
9
11
13
10
10
12
14
17
20
11
16
15
11
17
12
10
16
13
16
15
14
12
13
15
22
18
17
8
15
9
11
15
13
14
15
12
11
19
15
7
14
11
10
17
17
11
15
16
8
18
19
19
22
17
18
8
14
13
11
10
17
10
15
13
10
18
17
11
14
15
14
17
30
26
13
14
15
21
27
16
11
9
13
12
12
10
11
9
9
9
14
15
9
14
12
15
17
15
14
14
14
23
13
9
30
9
9
15
9
12
15
15
11
15
13
21
16
8
10
20
9
11
23
25
13
17
15
12
29
20
16
19
6
15
15
11
8
10
16
11
13
9
18
17
13
16
17
10
17
12
10
19
10
10
15
11
9
8
6
14
19
7
8
21
12
18
23
19
13
19
9
13
13
11
19
20
11
12
17
14
12
14
9
24
12
22
22
20
16
16
10
12
11
19
15
12
11
11
14
12
15
12
19
16
8
15
17
13
13
14
18
17
14
19
16
14
22
13
20
28
15
13
16
11
11
25
9
12
15
15
19
23
17
20
27
18
12
12
10
11
10
18
13
13
16
20
13
13
10
16
15
14
10
16
16
23
13
10
16
16
26
16
9
18
16
14
21
18
12
24
11
9
13
14
7
17
11
18
12
15
9
18
8
9
18
16
17
19
17
27
23
19
9
21
17
14
18
15
25
15
15
10
18
11
15
17
6
20
18
13
20
14
5
16
8
16
28
22
19
28
11
9
20
11
15
12
13
8
20
13
14
18
17
19
15
12
9
15
9
17
15
12
20
11
9
23
13
9
17
14
10
23
8
17
20
18
21
19
9
12
13
10
14
18
19
16
26
22
12
14
11
12
19
14
15
10
11
15
15
14
24
15
13
22
14
8
18
13
11
19
23
19
12
14
8
22
16
18
14
11
11
22
10
14
20
17
14
18
12
14
18
14
14
13
13
21
13
12
26
12
15
19
11
15
14
15
10
15
11
14
13
19
18
17
20
13
16
13
15
21
22
13
12
12
17
18
14
20
17
15
20
12
15
23
9
15
16
17
16
19
9
15
17
10
10
18
12
12
13
10
10
16
10
10
21
13
15
23
15
15
13
14
25
20
14
20
21
17
17
26
10
23
16
17
20
10
22
21
15
12
20
14
7
16
12
15
13
14
10
18
16
9
9
15
20
14
11
10
14
14
17
13
10
20
7
14
24
14
15
13
13
13
26
8
14
17
10
16
19
14
19
19
15
16
18
7
11
11
17
13
18
11
14
26
9
13
13
18
16
17
13
13
13
12
16
11
13
21
16
21
19
15
17
20
20
12
21
12
20
23
11
13
25
7
12
19
14
13
14
9
12
16
15
21
14
20
17
14
18
10
18
16
18
24
15
14
15
14
14
19
15
18
15
16
25
12
11
19
11
18
21
11
13
25
16
10
24
15
16
16
16
12
19
19
11
16
11
15
12
11
9
13
