29
21
26
24
19
24
26
26
18
25
24
17
23
22
19
15
22
18
17
18
20
22
18
29
23
16
20
24
15
23
20
17
23
21
19
22
20
15
26
16
20
22
24
17
19
25
23
21
26
20
30
32
26
28
21
28
21
20
16
21
25
24
22
23
24
22
22
22
21
19
25
25
28
23
22
27
25
19
13
19
20
28
22
22
22
24
29
19
18
18
25
25
17
20
28
26
18
19
13
23
17
22
24
28
13
28
24
31
28
28
20
24
17
30
21
24
26
29
13
19
24
17
24
20
26
25
23
18
27
25
19
26
34
19
23
20
25
26
27
20
28
20
20
25
22
23
12
27
23
19
15
17
28
18
19
17
26
28
29
34
27
20
24
30
24
22
27
23
27
20
26
23
20
24
19
26
26
12
27
21
26
31
26
23
24
20
16
25
20
26
34
21
18
20
18
20
34
25
24
23
20
16
16
19
24
21
18
24
23
24
18
19
21
22
23
30
15
24
29
22
14
24
20
22
21
25
18
22
14
25
31
17
26
21
19
27
24
23
21
23
17
24
19
25
23
24
25
31
23
18
29
19
24
21
25
26
21
23
28
27
20
26
31
29
22
28
28
27
20
22
25
21
24
15
24
24
25
26
30
19
24
20
25
23
27
28
21
22
24
21
24
22
25
26
22
22
23
24
24
34
29
20
24
31
33
30
27
24
21
21
32
21
21
33
21
17
28
26
31
27
21
29
22
21
21
25
23
22
24
29
18
28
30
22
18
20
21
24
23
27
25
23
24
27
23
34
19
25
24
30
29
20
29
27
28
28
30
30
22
25
17
16
24
22
26
23
19
23
24
26
23
18
23
27
21
21
18
20
23
19
22
22
28
25
23
27
36
29
17
21
22
22
31
18
23
26
16
18
30
25
25
28
33
19
25
32
21
18
21
28
22
22
30
25
25
18
21
18
23
23
27
28
26
18
24
22
21
30
25
33
30
21
