33
14
15
21
19
16
15
20
22
16
20
16
18
24
12
20
26
13
19
18
18
18
21
24
15
13
11
16
20
18
24
19
15
18
20
18
17
16
26
19
22
18
19
16
22
14
17
22
11
19
26
18
16
22
17
22
21
11
14
23
24
19
18
19
22
14
10
20
17
18
7
13
23
20
13
16
18
20
18
20
19
20
19
21
19
21
18
17
19
23
11
20
22
24
24
23
24
20
27
16
13
13
20
20
12
21
19
19
23
15
16
15
20
21
17
14
25
16
14
20
20
19
15
17
20
24
15
20
15
22
21
22
20
15
17
25
14
24
14
14
14
18
19
11
26
24
12
15
19
25
24
19
20
13
21
21
24
17
23
27
18
22
20
18
14
20
20
21
17
19
28
18
19
19
12
23
14
17
16
21
16
16
23
23
18
20
17
19
20
17
21
21
14
12
20
15
24
13
22
15
16
21
16
20
25
20
19
25
21
21
18
20
20
27
21
17
16
18
21
25
13
21
22
25
18
17
10
21
22
14
25
22
22
20
23
23
17
17
18
22
18
23
28
23
20
22
15
16
22
22
16
21
15
20
24
16
23
19
18
14
21
29
13
22
14
19
14
14
24
18
19
19
19
24
11
27
10
20
25
24
17
21
22
20
20
18
19
18
24
16
21
19
23
20
16
26
20
18
18
18
18
20
23
14
22
26
21
22
20
23
13
18
16
19
21
18
18
14
20
30
21
13
25
17
15
16
18
22
11
20
30
24
18
25
16
17
26
18
23
25
19
16
20
16
17
11
20
18
20
13
16
19
12
22
22
20
21
21
18
21
23
16
23
19
22
27
22
19
16
24
15
21
14
21
18
19
15
18
21
16
17
18
18
21
18
15
24
18
16
21
21
16
29
18
18
21
21
22
21
19
27
28
21
29
17
16
19
27
18
14
18
18
20
21
15
27
26
15
20
25
15
22
20
24
20
23
21
14
21
17
22
18
22
18
22
27
12
16
20
23
21
23
24
20
21
12
19
26
21
26
22
26
24
25
18
16
24
20
21
19
21
15
26
23
21
26
11
16
23
20
24
18
20
28
16
21
24
17
17
18
19
17
22
25
12
20
23
19
14
18
17
19
25
26
21
16
17
17
16
15
19
15
24
25
21
22
27
16
16
21
16
25
22
19
19
18
18
