23
18
15
19
9
13
19
15
11
14
19
7
18
18
11
14
14
10
12
14
19
15
18
22
21
12
8
18
14
16
12
8
14
21
12
13
10
11
19
17
8
15
14
9
11
8
10
14
11
20
13
5
15
20
13
8
18
10
12
9
12
14
13
11
18
11
13
17
18
18
29
10
10
17
9
15
15
15
20
22
14
23
17
15
19
15
14
21
14
16
17
18
16
16
12
11
13
9
14
11
18
17
18
15
12
16
12
12
17
13
11
11
7
9
13
12
8
11
12
12
17
14
20
24
22
16
15
14
16
15
13
20
23
19
18
15
14
17
15
15
21
15
15
17
11
13
26
21
22
12
19
15
20
17
16
24
18
18
17
21
21
15
16
10
21
14
14
24
16
17
18
14
24
13
14
26
19
17
20
15
10
13
18
13
21
16
18
20
12
17
16
17
14
23
22
15
11
19
19
20
15
14
15
18
16
19
13
11
23
13
22
19
14
28
18
13
16
15
17
15
17
12
22
5
19
15
13
20
14
8
10
12
14
13
16
17
11
19
14
16
16
16
11
15
8
11
17
14
11
13
16
12
13
10
18
17
9
18
14
15
20
16
17
21
14
18
14
15
17
21
14
12
18
11
9
10
8
19
21
14
15
18
22
11
22
14
14
17
15
10
18
13
17
16
13
17
19
13
15
17
19
25
20
14
23
12
16
22
15
22
23
15
19
19
16
15
19
11
11
12
21
14
22
19
16
19
15
13
13
14
18
12
20
23
23
10
17
11
17
28
13
15
14
16
11
23
13
7
28
16
19
17
13
15
18
14
15
18
15
13
19
12
22
13
11
19
21
15
12
23
17
26
15
15
26
13
5
22
14
16
29
14
12
32
14
12
16
15
13
17
16
13
18
10
12
15
13
27
22
12
18
10
17
15
23
14
10
18
17
19
8
19
19
18
13
24
18
17
24
17
13
19
15
15
18
24
14
15
8
14
8
9
10
18
11
13
16
10
9
14
11
12
15
21
14
18
13
32
12
18
24
11
11
24
12
11
20
19
17
21
14
15
23
12
13
12
15
20
26
9
13
21
18
7
19
18
15
19
9
13
15
14
24
19
14
24
8
17
31
15
15
14
12
14
17
12
11
15
14
15
18
14
9
14
16
9
12
8
14
17
9
13
12
17
17
19
14
17
18
15
22
13
11
12
23
15
24
7
13
24
11
14
28
14
13
16
12
11
18
14
13
19
12
6
14
22
13
16
9
13
16
19
15
20
15
15
9
17
16
7
12
13
17
17
22
10
9
18
10
15
21
22
11
29
18
12
14
12
18
22
12
18
20
14
8
19
11
10
27
11
13
20
8
19
21
11
14
22
20
17
13
16
18
18
21
17
13
10
27
12
12
21
13
10
18
17
11
20
13
13
15
17
14
18
15
21
20
16
15
20
14
16
22
13
13
16
12
14
17
11
