23
22
13
22
18
15
15
16
20
16
18
7
16
19
15
15
16
14
11
23
11
18
18
20
15
24
17
22
23
11
23
18
25
15
20
15
18
17
18
19
14
11
12
21
17
14
20
18
18
15
16
15
19
21
21
19
15
22
18
11
21
19
19
22
14
16
21
17
18
13
12
16
21
18
16
17
19
17
20
21
16
16
13
21
18
21
16
14
10
27
13
19
19
10
22
18
22
20
14
15
15
16
12
17
15
16
14
25
14
16
15
22
18
18
10
18
16
17
17
13
17
24
20
23
22
17
17
16
20
12
16
17
17
15
12
17
16
16
24
17
15
22
18
12
17
13
18
8
20
21
14
16
9
17
17
14
19
13
16
13
12
23
19
12
25
14
25
13
16
18
19
17
21
10
25
32
16
15
18
13
17
19
17
16
14
14
24
16
15
25
15
22
19
17
15
16
14
18
19
12
16
22
16
14
15
18
19
21
17
25
24
20
18
14
13
15
20
17
16
18
13
18
12
20
13
11
13
14
19
21
10
15
16
14
10
16
11
21
18
16
16
15
15
12
19
19
22
24
18
14
22
18
16
21
19
24
13
13
20
15
13
13
17
25
19
21
19
12
20
16
16
19
18
20
19
12
16
15
19
17
32
14
20
23
23
16
19
23
18
15
22
26
18
22
26
24
12
19
21
14
23
25
18
16
16
14
20
10
18
16
18
16
8
18
14
17
24
23
12
19
17
13
17
15
20
25
18
26
19
20
23
19
20
16
19
19
15
12
24
17
27
19
15
18
18
16
21
23
17
23
19
22
21
20
22
21
24
19
18
21
21
23
18
19
21
17
19
27
14
17
32
23
17
25
19
14
23
18
20
22
18
18
20
23
18
27
14
12
18
20
17
16
16
9
16
20
20
16
14
31
14
19
18
18
13
20
15
22
25
23
20
16
25
14
17
17
17
15
9
19
17
18
14
18
22
16
18
12
17
19
13
19
21
19
18
21
25
14
16
18
17
17
17
17
20
19
20
14
15
15
13
25
15
26
19
18
16
14
23
20
19
23
18
23
20
16
20
17
23
18
24
23
18
19
21
23
22
16
23
18
21
27
16
18
24
16
13
21
19
15
19
15
11
16
21
16
21
19
27
15
19
21
22
14
17
19
23
17
15
18
20
13
15
19
18
19
14
22
17
21
22
25
19
18
15
19
19
17
24
20
15
22
18
18
22
18
19
20
22
17
26
19
25
20
18
13
22
16
15
23
34
22
26
24
18
