24
9
12
12
15
13
15
9
12
15
10
12
7
18
7
12
14
11
13
14
12
21
14
12
7
9
10
10
10
11
14
16
17
15
6
10
9
11
14
16
13
11
8
14
11
17
11
13
9
14
11
13
18
15
14
18
12
17
11
14
15
14
15
15
9
12
10
10
15
14
13
9
14
18
9
16
17
17
17
14
18
12
8
9
9
17
16
15
14
10
13
9
14
16
19
13
14
9
15
19
14
18
13
12
15
12
14
15
12
13
12
14
17
14
12
16
15
10
20
12
9
18
9
10
15
15
19
16
13
17
15
17
15
20
11
11
18
12
16
11
10
10
12
14
18
12
13
16
14
12
12
11
13
14
8
13
13
12
12
9
11
12
17
12
13
11
12
18
10
17
21
14
10
12
10
5
18
9
12
18
13
6
12
13
17
15
12
15
16
13
18
8
9
19
10
14
12
10
16
17
11
11
20
14
11
14
10
12
13
12
11
11
16
14
14
13
15
14
7
11
14
7
19
11
11
18
11
11
15
9
9
13
8
9
7
11
9
16
12
12
7
11
14
14
17
14
14
16
15
11
12
19
8
14
19
10
15
21
10
8
16
17
13
19
17
12
20
14
11
18
13
21
15
18
19
16
10
20
8
12
13
10
15
23
12
13
16
9
13
15
13
13
17
16
8
18
13
12
10
16
13
12
12
21
25
7
17
17
13
17
15
15
19
16
15
23
14
12
17
16
12
23
9
13
16
15
10
21
15
15
10
19
10
19
12
11
14
12
10
15
14
15
18
14
18
16
14
20
10
14
13
18
13
15
14
12
25
13
11
20
12
13
22
15
19
15
13
13
20
16
13
17
12
17
19
8
12
15
20
13
10
13
14
13
13
14
15
9
14
18
16
21
17
17
10
16
14
21
19
12
24
17
12
20
18
16
14
15
17
27
20
9
12
14
15
15
10
12
17
13
19
18
13
17
10
16
23
16
9
18
15
20
12
10
15
16
11
10
18
11
14
22
9
16
17
14
16
14
6
15
12
9
17
11
17
7
12
13
11
20
12
17
21
14
20
9
13
20
18
14
24
17
14
24
10
14
18
12
16
20
16
15
16
16
13
13
8
12
11
15
14
17
14
16
8
15
20
19
10
18
11
16
25
7
18
19
13
13
22
11
15
20
21
13
17
17
16
15
18
13
22
16
12
21
20
16
15
12
10
18
14
16
20
10
14
12
14
12
16
14
13
11
13
24
11
13
22
11
12
19
10
14
21
18
15
21
9
18
16
13
18
22
19
12
14
17
13
13
16
11
11
9
12
14
13
12
18
18
13
15
14
9
14
10
15
12
16
16
18
10
17
10
16
17
15
10
16
11
12
19
19
14
25
10
9
18
12
13
7
9
13
18
12
13
18
6
9
16
23
14
13
15
14
20
10
10
12
17
19
13
14
14
17
15
13
12
13
19
7
13
23
15
14
23
12
15
20
16
11
15
12
10
13
18
16
20
15
17
16
17
19
16
11
17
20
17
19
13
12
14
14
13
16
18
19
10
12
13
15
10
12
21
18
17
19
12
13
17
10
13
19
11
13
13
17
12
13
17
17
15
12
11
25
