29
21
19
22
26
22
17
25
19
16
25
15
27
26
28
27
20
22
27
24
31
27
33
23
18
17
20
23
29
23
26
19
15
25
25
31
24
24
31
25
28
27
20
20
22
24
28
23
22
28
18
22
13
21
33
21
28
21
32
22
20
24
26
19
30
22
24
18
21
29
25
23
22
17
25
19
23
24
20
19
22
22
23
25
23
21
20
19
28
20
18
21
29
16
21
26
26
24
23
27
22
18
22
22
27
23
23
21
17
17
16
25
27
25
22
26
22
25
20
28
21
25
23
22
21
23
21
17
21
27
27
25
21
23
20
32
20
25
24
17
28
23
20
25
21
29
30
20
16
30
17
34
24
24
18
21
31
29
28
19
18
31
19
21
22
26
18
16
28
21
21
20
20
26
28
29
14
21
19
30
16
26
26
16
21
21
23
24
26
16
28
23
30
23
25
24
26
21
22
17
12
21
23
19
24
27
23
24
17
13
24
18
23
23
22
20
27
20
25
25
20
22
18
18
23
15
19
26
20
25
20
18
16
21
29
22
31
26
22
25
24
25
24
25
19
20
18
29
18
22
25
27
19
27
19
24
14
32
24
21
24
21
31
25
30
16
18
22
29
23
26
22
18
28
23
24
21
20
19
28
20
16
27
17
22
25
27
28
25
20
16
24
24
24
21
32
23
22
22
25
22
26
31
26
35
24
25
26
21
29
29
24
22
20
27
24
23
23
27
22
24
21
22
26
20
32
24
28
36
18
21
19
22
19
25
23
24
25
24
26
23
17
27
31
30
20
19
20
18
24
24
35
22
29
22
31
21
19
31
18
25
27
25
18
21
20
24
28
25
14
24
22
23
31
28
22
21
25
23
28
17
20
29
28
17
25
20
26
22
20
24
20
20
26
27
22
17
21
17
25
20
23
26
23
21
20
24
25
25
24
23
27
26
31
25
20
23
16
24
25
20
17
19
27
23
21
22
19
24
26
31
29
23
