27
21
20
32
27
23
20
28
18
29
21
24
31
23
19
26
17
26
25
25
27
21
25
27
21
29
30
24
28
24
25
23
35
30
25
24
22
25
28
27
24
16
24
21
34
21
25
19
24
28
23
27
32
24
24
21
28
22
22
17
34
38
22
27
31
27
28
26
32
23
31
36
26
26
23
26
29
27
25
24
23
29
27
40
20
23
25
29
31
23
33
29
26
24
27
24
24
35
22
26
26
18
27
19
26
26
32
26
30
32
32
27
28
22
26
17
26
26
30
20
30
22
27
25
19
27
25
32
26
18
24
24
27
27
26
25
25
26
23
31
28
27
23
28
25
23
20
35
21
26
21
26
24
25
20
21
19
26
19
25
21
18
22
19
25
21
21
30
23
18
29
33
33
24
28
22
31
25
32
23
31
30
29
33
27
21
22
17
26
29
25
23
22
19
30
22
25
22
24
29
23
29
21
29
24
27
36
29
29
20
28
24
29
39
26
29
28
17
25
25
29
39
28
21
26
20
29
19
24
32
20
29
27
28
22
22
37
31
28
27
33
26
23
23
28
15
27
27
23
26
24
24
28
13
32
26
31
27
30
27
20
23
26
28
26
25
29
34
27
26
27
28
30
25
24
20
33
23
21
30
30
37
27
36
18
22
20
19
25
28
30
28
36
37
25
21
20
16
23
24
23
33
27
22
27
32
32
25
23
30
17
27
24
23
24
25
34
33
29
25
26
22
26
25
19
30
24
29
29
35
32
28
29
27
30
26
20
24
25
21
20
29
33
31
19
21
23
21
20
24
23
27
30
33
32
21
26
26
30
21
26
37
23
17
22
21
29
25
27
26
18
30
21
23
32
28
24
28
33
27
21
17
21
27
29
27
28
33
