39
43
36
49
48
37
40
40
34
56
34
51
38
41
47
48
50
42
33
35
38
51
33
35
43
34
48
37
36
37
33
35
35
38
33
44
52
38
41
44
33
40
42
41
46
36
35
39
35
55
37
43
34
51
26
51
35
36
34
32
45
47
53
41
35
38
46
37
29
42
43
45
39
56
30
48
33
36
40
43
41
43
43
37
34
45
50
34
30
48
49
34
42
35
35
36
40
43
42
40
45
38
58
45
40
41
57
40
39
41
47
39
46
39
34
38
37
39
42
36
32
52
47
49
32
41
42
36
41
42
33
38
38
45
43
35
45
50
41
38
52
34
36
44
48
37
38
34
38
36
35
46
61
47
35
36
52
45
49
38
27
53
42
43
39
41
44
35
30
38
41
45
46
38
35
35
54
34
53
34
36
40
43
39
41
38
37
38
36
56
36
38
46
34
47
56
37
39
41
48
49
51
36
47
46
40
42
37
39
50
38
40
32
42
38
39
39
51
36
39
36
48
43
42
55
37
46
43
36
53
39
35
40
41
39
41
36
34
38
38
41
47
47
47
