27
20
26
27
26
24
25
22
27
27
29
26
17
26
23
19
21
22
29
30
17
27
20
26
23
24
21
30
31
26
25
21
28
19
26
22
30
19
22
20
26
25
26
22
32
18
24
26
17
24
22
20
21
29
24
31
28
17
30
23
30
10
22
24
17
23
23
17
21
23
24
27
22
27
22
28
21
27
22
15
31
18
33
22
24
19
23
28
26
27
27
19
24
19
25
24
25
21
20
31
23
26
26
22
21
33
29
26
25
24
31
22
31
29
24
21
21
27
22
26
27
25
24
22
25
24
22
19
31
22
32
17
17
16
28
28
30
22
23
35
26
18
28
22
24
24
25
31
27
21
27
25
16
27
25
23
21
21
22
19
23
32
25
28
22
23
28
16
23
26
24
21
20
27
22
17
22
23
33
25
25
26
37
14
21
23
21
26
23
27
22
21
24
24
19
21
17
29
23
21
21
16
19
25
25
24
25
23
25
23
26
25
25
23
26
16
26
30
25
23
22
26
35
31
23
31
33
26
27
17
24
21
29
22
29
19
28
18
23
23
27
19
26
28
23
26
29
27
28
27
25
24
26
15
20
30
29
27
31
20
30
17
25
24
26
16
23
24
21
29
17
24
28
22
23
21
32
24
21
32
29
24
27
24
18
29
28
28
31
20
22
22
27
24
30
24
26
21
26
25
29
24
28
22
29
20
19
28
27
38
18
33
23
30
26
24
24
27
22
18
27
25
24
23
26
27
24
21
16
16
21
24
21
24
24
36
25
23
24
23
23
28
21
26
26
27
30
29
20
22
26
21
22
21
34
26
26
27
24
21
22
21
23
26
18
17
27
25
27
27
24
25
28
21
19
19
24
31
25
21
22
27
27
31
18
30
29
19
25
30
29
21
21
31
26
21
29
21
21
15
25
24
21
23
25
20
19
29
27
26
24
36
