39
34
42
27
38
39
49
42
44
46
44
35
34
55
37
35
37
40
45
40
46
45
46
40
33
33
34
32
47
43
35
39
38
30
46
42
47
40
36
38
48
42
42
43
36
51
37
49
41
34
41
51
40
39
41
45
41
39
46
39
49
45
38
39
50
38
39
44
43
29
42
38
33
53
42
43
47
36
41
43
38
31
41
32
41
33
47
40
39
27
42
30
45
44
37
30
46
46
33
30
32
44
36
45
39
46
35
37
39
39
37
41
52
49
39
35
48
43
50
44
47
38
41
39
38
42
43
39
33
46
41
40
36
37
49
43
38
33
41
30
44
43
39
41
41
35
37
29
37
41
40
42
44
47
43
37
45
43
36
36
49
47
38
36
45
45
31
42
42
42
33
45
47
43
39
30
40
34
46
34
43
46
34
49
38
44
40
56
45
54
38
37
49
33
37
53
47
43
51
59
36
36
41
51
47
39
48
37
38
37
30
40
34
43
44
62
30
36
41
43
39
35
40
34
44
33
38
41
41
41
39
31
37
48
35
43
40
42
42
44
39
36
46
46
43
35
46
