19
10
13
9
14
12
10
10
13
7
9
6
10
17
12
11
14
9
11
15
10
17
7
10
10
17
8
13
14
9
16
14
13
13
13
11
14
12
9
11
17
11
8
11
15
11
11
9
12
11
10
13
12
14
12
12
15
12
12
14
8
7
17
11
11
13
10
13
13
11
16
13
9
17
12
9
14
9
9
14
8
7
15
12
12
16
8
14
12
12
16
9
10
15
10
10
12
12
16
14
16
8
18
14
12
12
16
13
17
11
15
16
10
11
13
12
11
9
10
13
11
9
12
11
9
14
9
11
13
12
9
16
13
11
13
16
17
11
12
10
15
9
9
12
11
12
16
15
12
11
12
11
10
16
14
15
15
14
9
14
13
11
12
15
10
12
17
10
10
11
10
13
8
11
18
12
12
12
11
15
13
10
12
15
12
11
13
8
8
12
11
6
12
14
16
10
13
12
10
8
14
14
8
16
15
11
14
10
12
19
9
12
17
13
16
14
11
30
13
14
15
8
11
14
9
14
13
19
9
18
12
15
13
10
11
11
13
9
11
13
11
17
12
9
16
19
19
15
13
25
10
12
16
14
14
24
10
14
15
13
11
17
18
11
14
8
11
15
14
16
10
16
10
15
14
10
9
13
14
19
8
8
14
15
16
12
9
13
13
17
25
13
13
31
10
14
17
13
9
16
13
15
12
13
10
14
13
14
16
13
13
13
15
11
21
11
14
12
15
22
7
11
16
13
17
19
18
13
21
13
15
14
8
14
18
16
17
19
14
14
9
13
12
16
6
14
14
17
14
17
9
16
18
10
15
12
11
14
13
10
18
14
11
20
15
10
28
14
8
23
17
15
20
10
11
17
13
19
11
14
16
18
15
14
15
8
18
8
14
12
17
10
10
17
12
15
13
11
14
14
9
15
8
12
18
11
16
17
11
14
15
15
11
21
10
11
13
12
11
13
12
13
18
14
13
15
10
13
21
17
8
22
9
15
14
12
18
19
15
12
11
14
17
14
17
19
17
11
19
12
12
14
15
13
21
18
15
23
12
8
16
9
12
19
10
16
14
13
8
21
12
13
10
10
9
15
11
11
12
13
11
13
14
12
14
11
12
13
11
19
16
15
19
20
16
17
14
15
18
10
12
15
15
12
13
11
15
17
8
11
12
16
17
10
14
13
14
16
11
19
6
17
13
8
10
22
13
15
17
14
16
13
12
11
19
7
17
20
12
20
14
8
19
13
15
24
11
10
19
14
14
21
15
18
20
13
10
13
12
10
20
11
9
15
10
13
14
12
13
22
16
10
18
8
12
17
12
12
11
14
12
14
15
10
14
13
23
8
13
15
17
8
22
7
15
19
14
14
22
14
12
17
14
16
12
12
15
19
10
18
31
17
12
16
18
15
22
17
13
15
13
13
16
12
11
15
8
22
13
15
9
13
11
16
10
15
15
14
14
17
12
9
19
15
15
18
11
12
17
13
12
24
16
8
12
10
16
19
16
8
15
19
12
13
12
13
15
16
12
20
16
14
10
11
13
16
14
13
16
9
19
14
12
11
9
14
15
16
9
17
7
14
19
17
14
16
19
12
13
12
8
17
10
12
25
10
15
18
14
12
25
17
16
12
7
14
21
11
14
13
9
14
18
16
14
17
19
14
18
12
12
16
14
9
20
14
16
13
12
