26
10
11
16
10
11
12
16
12
14
13
12
10
16
18
14
16
11
16
16
15
18
16
15
14
19
9
12
10
11
11
13
15
17
14
16
10
11
13
10
10
16
12
12
17
14
16
16
15
11
13
14
12
17
16
14
15
15
14
14
13
13
17
10
15
9
16
12
10
13
12
14
15
13
9
9
14
14
14
19
10
19
20
10
11
11
11
10
14
20
14
12
12
14
16
13
13
16
11
18
12
11
15
14
10
9
17
12
14
15
11
10
12
10
17
15
10
15
10
14
13
17
15
14
12
17
16
23
24
17
15
16
18
16
12
12
13
16
7
14
24
11
18
18
15
15
12
12
14
15
13
14
16
10
21
21
16
22
17
10
22
9
13
14
13
15
11
17
17
19
17
12
18
13
13
15
16
12
18
13
11
17
11
15
15
16
17
15
13
24
19
14
13
16
19
20
14
20
17
14
17
21
13
12
12
16
10
16
14
13
13
12
14
15
12
18
14
14
12
9
13
13
15
17
16
14
16
14
20
12
16
18
18
23
13
14
19
11
14
20
16
15
21
12
19
16
17
16
22
18
17
21
16
15
19
16
14
19
14
17
16
11
14
17
16
14
20
22
20
12
13
18
9
15
23
8
13
23
12
15
17
11
10
19
10
15
19
16
17
21
21
18
19
22
20
9
17
14
15
18
20
11
11
20
12
17
21
12
10
23
17
19
24
17
16
20
15
13
20
11
20
15
19
16
16
12
18
18
16
15
18
16
14
14
10
19
11
18
19
13
18
13
19
19
21
15
15
13
18
16
25
18
20
19
14
12
22
10
9
22
10
14
26
14
13
22
12
7
18
18
9
16
11
10
20
12
7
19
17
10
12
12
12
18
11
12
16
12
8
16
11
17
10
17
12
15
9
17
12
13
15
12
11
18
12
9
17
14
11
18
9
14
24
16
13
13
14
11
12
11
10
18
12
14
13
12
13
13
14
14
15
14
13
9
13
13
13
17
8
23
13
14
17
22
9
19
12
15
14
11
15
9
10
18
16
11
24
14
13
23
16
13
17
9
13
20
12
14
13
12
16
15
12
12
10
14
10
19
9
14
11
14
11
14
14
14
19
10
13
15
16
19
13
10
24
9
14
15
13
11
19
9
12
18
13
13
17
10
15
19
10
15
21
14
11
15
17
13
17
17
15
17
14
16
15
13
17
15
12
10
15
14
14
22
14
12
14
14
14
13
16
20
14
12
16
10
13
14
13
11
15
17
9
17
11
15
9
15
14
21
15
10
16
7
13
16
18
8
13
14
13
20
8
18
18
10
16
15
12
19
14
12
17
16
11
17
12
18
17
13
15
13
9
10
18
15
15
20
12
14
18
7
12
15
12
10
18
10
16
12
20
15
8
19
10
19
9
13
13
12
16
17
16
15
19
13
10
14
10
9
16
15
12
13
11
20
13
18
17
14
11
16
10
10
17
8
12
20
12
10
15
19
12
12
11
8
14
11
14
16
8
15
16
13
12
12
13
10
15
11
12
14
11
11
20
8
22
16
16
18
9
10
21
15
11
12
15
13
17
20
