22
23
18
13
18
19
29
18
20
19
19
27
19
18
22
21
11
19
18
14
25
17
14
21
16
19
23
20
23
23
15
15
20
19
21
13
26
18
14
16
29
19
16
20
26
19
20
20
21
23
20
21
16
24
16
13
16
20
20
17
22
26
27
22
17
21
19
18
19
24
20
16
17
22
18
23
19
14
15
16
19
24
21
20
16
18
21
12
21
20
18
16
18
22
17
18
18
20
18
20
19
18
22
16
14
16
14
24
21
21
19
29
21
16
24
18
20
23
21
24
23
17
23
24
19
17
24
22
19
18
18
21
21
22
17
21
22
16
22
17
20
21
18
23
23
19
15
17
19
19
25
17
30
20
17
19
15
19
23
18
16
20
21
20
23
22
21
13
17
14
16
17
20
19
17
20
16
21
20
13
13
14
19
22
20
29
14
18
24
24
26
23
24
24
12
29
19
27
18
19
17
26
22
24
20
20
17
25
16
20
18
28
21
18
25
19
21
15
15
21
22
20
16
20
20
25
27
20
16
19
20
19
17
26
19
21
27
17
22
22
23
23
19
23
16
21
20
18
18
19
16
15
17
17
21
20
25
22
15
23
19
25
17
20
17
26
22
19
19
23
21
14
21
21
22
14
30
34
26
17
35
28
16
19
24
19
14
19
19
24
22
20
20
23
22
22
17
16
18
29
24
21
16
18
30
17
16
22
29
25
23
16
22
18
24
22
23
20
19
24
19
25
22
12
19
22
21
21
19
27
26
17
21
18
20
19
24
19
21
21
17
17
18
18
19
21
18
18
20
19
23
26
29
20
24
20
18
23
17
15
23
19
21
28
28
17
22
20
18
22
16
25
28
20
21
24
22
19
24
22
17
18
26
23
15
20
21
19
22
24
22
21
16
19
27
19
26
24
17
26
21
26
25
21
27
20
21
24
21
18
25
19
26
22
23
21
28
18
19
28
20
22
25
22
15
24
17
24
24
19
24
20
31
17
22
17
19
20
12
27
21
20
18
22
22
20
19
24
24
21
14
26
23
18
23
27
21
24
12
23
25
22
27
21
22
21
25
23
20
20
15
21
20
17
21
21
16
24
22
23
27
26
18
24
24
23
18
16
26
