26
18
20
20
22
21
24
23
20
25
16
25
19
22
17
24
16
23
18
26
19
22
19
21
13
17
17
17
20
24
27
21
21
25
13
19
28
18
19
15
19
20
26
25
19
21
25
17
21
20
13
20
17
23
21
16
25
23
21
19
24
22
21
24
25
15
26
22
18
21
14
19
12
24
17
23
22
28
17
17
19
22
19
16
21
19
22
23
27
22
17
19
18
18
19
23
20
22
22
18
23
21
20
17
19
19
17
17
24
19
19
20
23
19
30
25
21
15
17
21
24
21
21
17
23
15
23
22
22
19
26
24
22
21
22
17
17
26
21
22
28
25
21
32
19
19
27
22
28
20
18
25
22
23
25
25
20
21
20
18
15
18
22
22
22
21
14
19
26
18
25
20
24
19
21
18
17
30
22
18
27
19
16
20
19
25
25
29
23
25
17
27
15
19
23
21
19
19
24
26
18
19
17
18
22
25
15
19
21
22
19
16
24
18
20
22
19
19
26
19
23
28
20
23
18
19
17
23
14
17
26
28
25
23
18
31
26
25
20
25
24
20
27
25
24
21
17
17
20
27
19
27
28
25
23
29
20
22
25
27
28
18
21
21
20
21
20
14
16
27
24
18
20
17
16
30
18
21
19
18
21
22
22
15
20
20
22
18
17
22
19
27
24
18
22
25
26
18
27
16
22
21
18
19
19
23
22
19
20
21
23
23
28
22
22
26
20
13
20
18
14
24
24
17
23
17
22
22
23
22
22
16
22
25
21
16
21
17
19
23
19
28
18
19
18
19
19
26
24
29
16
22
14
20
27
22
23
23
23
32
22
15
23
20
22
20
16
22
32
17
18
19
21
23
26
28
21
19
21
13
23
20
17
20
15
18
21
28
20
19
23
22
19
23
18
22
23
19
18
22
20
23
22
21
17
21
24
26
30
21
22
13
20
16
27
21
25
24
25
17
18
20
18
27
33
27
16
25
23
16
32
13
17
23
23
27
18
14
20
17
25
19
22
21
20
26
21
26
18
28
23
19
25
19
24
22
19
25
24
29
17
17
21
22
22
25
17
18
32
22
27
21
