52
52
55
50
57
38
42
55
59
55
50
59
58
66
60
51
56
52
69
54
58
48
47
53
61
52
75
45
62
73
66
53
61
44
54
60
49
42
63
37
52
54
42
59
58
59
66
57
68
59
58
60
49
58
50
44
54
53
66
53
54
53
60
60
44
65
49
50
50
45
34
55
57
69
50
47
50
60
58
57
46
53
51
51
55
68
56
65
61
49
66
54
52
45
56
42
55
54
56
54
41
60
56
44
57
53
69
49
50
50
57
49
67
53
63
61
55
62
60
53
62
57
55
50
46
51
55
66
54
58
46
64
54
50
64
57
65
60
51
58
52
59
52
58
54
53
67
65
59
61
49
50
58
53
49
63
60
53
56
45
40
49
55
59
55
53
70
50
51
63
56
44
62
65
72
64
62
46
61
54
77
