22
22
21
23
21
19
23
21
20
14
24
23
20
27
21
26
14
20
19
19
18
16
18
13
25
24
21
19
24
21
33
24
17
21
15
18
19
25
28
25
20
24
29
18
20
19
24
16
26
17
20
28
20
20
18
18
23
22
17
18
20
19
26
15
24
26
21
13
27
22
22
17
20
15
17
26
26
17
21
18
27
26
21
15
23
19
20
17
19
18
22
23
22
20
24
23
22
19
21
21
18
20
18
21
21
25
26
22
21
21
19
30
19
22
17
25
25
20
18
27
21
17
22
26
21
26
21
24
20
24
21
25
29
14
29
19
22
22
22
28
26
22
19
29
18
17
22
16
18
19
20
22
23
21
25
21
22
20
22
26
24
14
27
24
25
15
20
23
21
34
27
20
26
20
19
22
26
25
14
21
26
25
17
24
29
18
22
25
30
19
11
23
32
22
25
26
21
26
17
17
15
20
25
22
27
24
28
24
25
17
22
14
13
23
28
26
28
22
25
21
21
24
25
29
16
22
24
30
21
22
22
16
20
17
25
22
31
22
19
19
24
15
26
19
22
29
21
13
26
23
26
22
20
18
25
22
24
21
19
24
23
22
23
17
22
26
26
21
24
16
23
23
25
16
23
20
25
27
20
28
24
23
21
28
20
21
17
24
18
25
20
26
23
20
29
20
19
26
17
20
21
27
20
20
23
20
25
26
28
23
17
23
32
18
17
21
17
15
33
22
30
14
16
21
22
27
22
21
15
16
24
19
12
20
22
27
20
23
23
22
29
32
18
22
24
21
19
20
31
20
25
23
14
27
31
21
21
30
34
21
26
21
24
23
22
25
25
10
24
20
24
19
20
25
25
23
16
21
19
20
25
31
23
14
28
24
21
23
28
25
24
29
23
21
16
21
21
20
24
17
26
18
18
25
20
20
18
15
19
20
20
20
26
21
26
16
26
19
19
23
28
23
17
29
21
23
26
23
18
25
25
21
22
19
22
21
19
23
23
23
33
19
21
24
25
22
20
31
31
22
20
18
28
22
24
