44
43
43
47
64
42
46
51
48
49
48
41
48
44
37
37
40
47
48
47
47
48
47
58
47
48
45
48
35
55
45
57
41
56
52
47
64
45
52
51
59
45
49
47
43
52
48
43
53
53
40
53
52
50
59
46
55
49
45
50
53
53
51
53
51
56
55
41
56
46
56
48
43
50
50
57
48
44
56
53
47
54
57
56
45
66
61
39
45
52
51
49
44
50
45
41
43
48
48
54
58
49
56
48
55
56
46
50
51
58
59
44
53
52
45
43
43
41
51
55
49
52
52
45
60
56
44
60
66
56
51
64
40
48
41
38
61
61
44
65
49
40
50
58
58
52
51
55
52
53
45
48
52
61
51
49
40
51
45
51
48
55
45
56
55
60
65
45
56
54
42
56
65
51
57
61
51
53
43
60
44
55
49
43
48
53
48
48
47
51
58
49
46
37
51
60
64
58
53
