37
28
27
46
26
40
41
33
30
25
25
31
30
25
33
38
44
35
35
34
28
24
29
24
37
34
24
25
32
41
42
29
31
36
28
34
32
25
39
32
27
35
28
39
33
29
42
36
36
25
37
47
29
30
30
20
33
25
33
38
26
30
43
29
25
36
31
27
31
24
38
29
23
31
34
41
36
14
34
33
32
35
27
38
43
35
32
39
23
40
24
39
33
38
34
40
31
35
38
31
32
38
36
44
32
44
29
27
38
38
45
27
25
24
23
40
33
27
38
30
35
30
34
20
23
37
31
40
29
35
27
25
38
21
30
26
28
26
37
30
28
28
35
35
30
33
32
26
41
29
28
35
27
34
34
32
23
29
24
34
20
36
31
31
21
26
32
35
34
27
34
25
30
32
30
33
29
41
33
26
35
34
15
32
26
31
29
36
27
50
28
31
27
28
35
20
28
31
25
33
27
29
34
31
31
27
30
28
35
30
33
14
36
21
30
32
29
40
32
26
28
12
27
33
25
37
31
25
22
32
24
31
25
25
29
27
26
24
40
32
26
38
28
35
34
34
30
35
34
17
42
39
28
29
30
34
38
28
25
22
32
41
26
30
30
34
36
41
26
20
26
27
33
33
37
34
18
40
34
30
25
28
27
33
35
29
24
30
21
34
43
29
37
27
43
32
25
29
28
38
25
37
32
28
26
34
24
24
34
33
29
21
22
21
29
30
32
19
24
35
25
24
34
