11
20
19
17
17
18
9
17
23
8
9
17
12
14
19
16
15
21
18
16
16
18
13
12
11
26
8
10
23
22
17
26
16
14
22
9
19
17
20
25
16
14
15
11
14
8
14
14
11
17
17
11
21
15
16
25
9
10
15
16
17
18
13
14
11
13
22
11
13
26
12
14
23
13
9
25
19
9
24
17
15
26
14
13
17
11
16
17
12
19
22
9
11
20
18
17
23
12
16
24
16
18
15
12
19
15
10
25
14
14
19
11
11
21
18
17
20
14
13
17
14
23
18
16
12
18
12
7
18
15
15
15
11
15
19
12
10
20
11
9
16
13
6
19
18
16
17
13
13
12
14
15
15
18
22
14
18
15
22
10
20
12
15
24
15
16
22
10
16
23
16
18
27
9
12
19
14
16
24
17
16
18
14
14
23
13
17
15
8
15
16
18
17
22
24
13
18
9
21
13
12
19
19
21
22
20
14
19
13
12
26
17
12
27
22
14
16
10
16
20
11
10
25
15
15
14
20
14
21
18
11
18
10
16
15
15
19
18
14
19
20
16
19
26
15
24
15
12
17
17
17
24
17
18
24
20
14
21
11
14
29
17
15
27
12
17
17
16
17
14
16
12
21
15
16
14
13
11
18
14
23
16
10
10
20
14
18
20
12
19
15
16
17
26
15
19
14
8
26
14
16
28
16
18
19
16
18
11
14
10
18
10
13
26
13
15
19
16
13
25
17
27
17
15
19
18
16
11
18
16
15
14
16
13
21
24
25
15
14
25
17
14
21
22
12
28
12
11
25
14
11
17
18
12
22
18
9
20
21
17
18
13
16
21
12
22
23
13
15
23
16
15
15
16
13
16
13
27
15
12
16
19
14
19
9
14
25
14
21
19
8
17
30
21
17
29
13
19
20
16
15
14
8
10
19
15
13
12
18
6
18
18
13
16
18
14
21
18
14
29
11
18
16
13
27
17
17
25
12
14
23
24
9
25
17
15
27
15
16
25
12
17
20
11
14
18
21
12
13
23
12
15
13
12
11
12
14
18
17
11
23
15
20
17
17
16
20
16
17
14
8
14
8
18
25
12
13
21
19
16
20
11
18
21
14
11
21
13
20
24
12
13
15
18
17
20
13
11
20
20
12
14
17
13
25
14
24
9
13
25
8
11
26
21
19
23
13
11
18
9
16
24
18
13
20
12
10
37
15
18
21
20
13
21
12
13
17
16
14
20
15
13
18
19
13
18
14
14
19
13
13
23
20
22
16
12
14
14
19
20
19
14
24
11
13
23
13
6
17
13
12
25
14
13
17
9
14
16
16
10
12
10
9
12
7
11
22
10
9
14
4
14
13
14
18
16
11
12
12
10
12
17
11
12
15
22
20
13
20
19
18
19
17
11
