30
16
27
17
21
18
33
24
23
23
26
26
24
8
25
30
20
20
30
41
23
23
28
21
36
22
29
13
19
17
14
29
24
29
20
19
32
21
35
20
31
16
21
19
31
27
26
21
19
25
22
43
26
36
33
17
27
29
25
32
24
21
22
25
17
18
14
26
20
23
25
23
22
24
39
22
31
25
22
30
26
22
25
35
32
15
41
21
19
24
35
18
36
21
35
45
28
25
26
22
33
25
26
30
27
27
21
19
29
32
37
23
25
27
21
18
32
26
21
20
35
21
38
24
30
34
28
34
28
24
31
27
28
20
33
24
27
32
25
36
25
38
28
24
25
25
21
23
35
19
16
27
32
33
26
22
19
21
20
26
20
33
21
27
24
22
23
23
19
29
19
24
25
25
28
44
28
19
24
30
24
24
32
28
27
19
33
35
24
26
23
18
22
27
43
30
24
26
20
35
22
25
27
17
29
31
37
35
25
25
33
30
16
24
25
21
28
29
24
22
25
21
18
25
16
23
28
30
21
29
19
35
24
23
24
34
25
30
29
44
33
36
30
38
24
22
31
20
24
26
28
22
24
27
31
28
28
33
36
21
28
34
31
22
28
20
20
34
31
30
25
28
28
34
26
22
23
25
37
33
29
28
17
33
46
29
34
33
24
16
27
29
36
20
32
27
29
40
30
28
24
36
25
37
22
23
37
26
38
27
38
34
22
24
48
26
23
22
33
32
41
17
33
26
39
46
36
29
24
33
20
35
15
25
36
38
17
37
34
30
33
31
45
20
27
39
29
19
37
24
22
33
35
28
18
31
19
35
35
23
36
40
29
29
31
34
38
14
30
28
