47
19
32
34
29
29
46
28
27
38
37
47
36
26
23
34
36
38
27
37
35
39
37
37
21
41
42
41
33
36
35
43
31
38
49
30
52
45
31
43
29
43
43
28
31
43
45
35
24
55
47
42
42
34
46
42
28
35
19
38
25
46
23
54
35
39
37
43
34
39
50
48
30
27
27
41
35
47
30
39
31
31
20
32
37
37
26
33
30
35
30
40
26
42
39
38
24
35
38
32
45
28
34
30
35
38
40
41
34
30
31
37
27
41
31
28
39
34
42
40
37
34
40
41
47
33
30
41
31
34
35
42
37
40
38
36
40
30
43
24
42
37
31
33
33
45
43
35
26
32
37
27
44
44
39
34
38
51
36
37
37
26
47
30
42
36
42
27
43
37
33
35
37
42
32
33
34
32
41
34
38
37
27
39
32
35
27
27
25
40
45
26
26
33
44
36
36
29
42
35
41
32
48
42
38
35
28
27
40
29
31
24
34
49
30
51
41
39
46
33
43
35
34
46
32
30
40
34
36
37
36
34
39
33
26
30
37
53
44
35
43
40
33
43
28
24
34
45
31
40
36
44
38
33
36
57
24
41
43
33
37
39
44
37
47
26
43
34
42
36
40
33
37
28
47
32
22
