29
15
11
16
15
17
19
14
14
22
10
12
15
20
18
19
24
12
17
17
18
14
15
18
15
15
15
19
20
9
20
12
16
15
14
20
15
16
22
12
13
11
14
20
17
18
23
20
13
15
11
15
15
12
10
19
15
11
18
9
16
17
18
16
18
11
16
14
13
14
22
12
16
14
17
15
11
16
16
19
21
14
16
19
11
19
14
18
17
16
19
15
19
9
18
18
16
15
17
15
14
17
20
16
14
16
13
19
22
9
18
8
24
14
17
18
14
19
19
13
10
19
13
16
19
17
12
18
15
16
21
15
12
18
20
23
18
13
14
18
16
18
23
20
14
19
11
21
17
15
19
15
16
15
24
20
14
16
17
18
10
21
24
13
19
15
21
22
15
21
21
27
13
14
16
13
17
23
14
16
11
11
18
18
11
21
17
15
17
20
17
15
9
23
22
21
13
15
12
20
14
21
14
19
21
18
27
13
17
14
18
15
16
11
19
13
12
16
13
14
18
17
14
21
18
16
12
16
23
21
11
16
21
18
17
18
16
18
15
11
12
20
12
17
17
16
10
12
16
26
16
21
14
13
15
18
14
18
14
12
19
16
13
22
20
10
18
18
22
17
21
19
14
13
20
16
13
20
16
15
13
11
15
18
13
11
20
14
11
16
14
14
15
11
14
13
19
21
18
15
22
23
11
16
14
15
20
14
15
22
15
14
18
12
17
24
18
15
18
13
11
15
18
18
16
12
16
24
17
11
19
16
14
13
15
15
12
12
8
19
14
18
22
16
10
20
16
13
15
17
21
15
13
26
14
17
30
19
15
24
22
14
25
12
9
17
9
9
18
19
13
17
24
12
16
19
8
12
17
10
15
15
14
18
13
20
17
14
11
16
7
17
12
13
20
11
16
22
15
9
15
13
12
22
13
17
20
14
17
16
13
11
17
19
14
20
11
17
14
20
15
15
16
15
11
15
15
28
13
17
14
13
14
15
9
18
11
21
16
10
16
19
14
17
19
16
17
16
15
18
21
14
16
17
7
17
15
20
14
17
16
16
13
12
13
18
23
16
17
10
14
15
15
9
16
11
19
14
19
20
15
16
21
18
10
28
25
21
26
16
13
14
14
11
18
10
11
24
11
14
19
10
12
14
14
25
9
17
14
23
15
8
17
9
21
14
13
13
21
14
12
21
16
17
17
9
14
15
14
15
14
13
22
13
8
21
13
8
21
20
16
16
12
10
15
12
14
24
13
9
18
13
6
21
11
19
20
12
17
26
18
15
21
12
14
14
13
15
13
13
16
12
26
24
13
12
16
11
14
19
14
11
12
16
13
14
14
7
15
16
11
21
15
10
25
9
16
14
9
13
18
12
9
17
14
14
17
13
17
11
19
22
14
16
22
12
15
31
13
16
14
13
14
22
10
17
17
14
17
