20
41
37
33
30
40
43
41
36
40
27
34
35
28
37
35
46
47
43
38
34
40
35
47
46
33
45
33
40
50
39
42
41
36
40
44
43
47
38
36
44
52
42
42
43
37
22
46
25
43
31
39
25
49
32
49
29
35
38
32
33
43
27
38
30
31
38
38
35
38
40
39
39
41
41
46
41
41
46
38
35
42
45
27
43
36
46
30
28
34
42
45
26
39
32
50
39
36
47
48
37
42
35
41
38
40
39
36
37
39
28
47
28
46
38
28
53
46
43
43
55
41
36
29
41
32
37
46
36
37
30
35
22
36
40
34
33
36
34
40
41
30
45
45
31
41
30
51
30
28
32
36
39
47
37
41
47
32
33
43
35
43
33
26
41
28
43
38
35
31
34
30
42
48
41
57
25
39
32
34
29
31
41
36
30
50
38
31
31
41
18
43
37
34
34
48
38
28
30
32
45
43
45
42
31
32
42
26
32
35
33
35
29
44
38
38
34
40
33
48
40
35
48
38
36
36
51
36
47
32
30
47
42
29
44
33
39
35
30
43
50
26
32
30
30
37
36
49
26
45
29
44
32
42
31
27
38
33
32
39
39
30
31
41
42
43
45
