31
12
8
20
13
11
24
14
12
15
8
13
22
13
15
15
11
14
19
13
15
15
14
13
16
12
15
19
18
21
11
15
14
15
18
20
13
15
13
16
10
11
25
13
7
26
21
28
17
12
26
14
15
20
15
19
23
10
12
22
11
19
21
21
14
22
10
15
30
11
15
22
12
12
27
15
8
28
13
16
17
16
14
12
16
10
21
10
15
13
17
13
14
12
13
19
12
12
13
13
24
13
16
23
19
17
30
21
11
23
16
8
19
12
10
24
13
9
23
8
16
27
15
23
23
10
15
14
18
10
16
12
10
17
10
15
14
14
12
14
11
12
10
20
8
16
16
14
23
13
23
16
9
19
12
11
30
15
19
24
10
18
28
16
9
17
18
12
24
11
14
21
27
15
11
9
21
13
13
12
22
9
13
19
12
13
15
13
14
14
14
8
18
10
16
14
10
10
20
13
14
12
16
15
11
22
17
24
8
15
21
9
16
10
21
24
12
14
19
11
24
22
15
15
23
13
15
18
9
12
23
11
12
21
19
16
25
18
14
12
8
10
22
13
13
19
17
18
16
14
11
26
10
11
16
11
16
14
11
16
20
17
10
24
11
20
17
19
13
18
9
11
17
11
20
20
19
11
30
12
22
15
8
21
10
16
21
15
18
32
16
17
32
18
9
25
13
13
13
16
16
16
17
9
16
12
12
21
22
13
14
14
16
15
11
9
17
5
12
23
13
12
20
23
13
11
16
16
15
17
13
13
9
26
25
23
20
13
19
29
12
12
29
17
15
15
15
13
23
11
19
20
15
11
21
17
11
17
11
11
19
14
18
18
16
13
18
10
15
15
17
12
25
21
10
16
15
12
14
12
19
18
21
14
13
16
26
16
14
16
13
13
27
16
17
34
13
7
22
11
25
28
13
8
35
14
14
17
13
17
26
17
9
14
17
20
18
23
15
19
18
14
21
7
18
13
14
18
23
18
26
20
15
23
18
20
32
17
9
17
14
16
24
18
17
27
27
18
26
21
23
28
20
23
33
21
15
11
14
11
24
20
20
20
17
11
18
16
23
23
18
18
20
15
18
12
10
15
10
18
20
15
12
15
20
15
13
18
13
15
17
11
12
20
12
29
18
12
19
16
15
28
17
16
28
13
17
26
23
11
22
27
22
26
20
15
15
16
15
19
14
13
22
20
17
14
21
15
22
13
16
24
18
21
17
16
21
12
16
15
20
14
13
19
11
15
22
20
15
16
12
20
17
19
18
17
18
26
16
18
26
14
13
31
19
12
18
15
19
31
23
15
22
14
13
10
14
13
16
22
9
23
9
7
18
15
12
13
12
15
16
10
14
11
8
10
20
12
7
11
14
10
21
8
13
11
8
11
25
12
10
