38
22
25
37
30
22
35
32
30
33
24
22
30
32
30
21
23
27
32
24
31
21
29
31
18
23
26
30
30
23
32
27
31
40
31
27
21
27
24
25
29
31
23
32
28
39
29
29
28
29
28
25
29
22
22
30
27
37
27
30
27
32
24
29
32
24
36
37
29
21
38
35
24
26
30
30
31
36
31
29
24
18
21
23
35
36
18
34
28
28
25
33
26
22
25
27
22
22
31
23
31
30
29
25
27
31
28
30
23
30
30
30
33
37
26
28
37
23
22
35
27
32
30
19
16
26
23
39
42
31
23
35
31
22
16
29
33
28
25
33
40
37
45
25
28
38
20
32
31
21
18
35
34
32
35
36
28
18
34
27
40
40
49
28
27
20
38
43
43
39
36
34
31
28
47
35
26
51
32
18
31
46
27
27
42
28
45
21
25
26
37
31
31
45
34
27
26
29
32
29
38
28
26
46
36
30
25
47
27
46
23
34
34
25
19
34
35
38
42
35
39
30
44
32
43
25
34
23
30
22
32
31
25
30
28
32
40
29
40
28
38
33
40
46
26
27
26
42
28
32
18
29
47
31
33
29
32
48
26
25
30
29
32
28
30
26
49
31
31
28
22
32
42
22
44
29
17
35
45
47
34
30
23
39
37
25
40
32
39
30
33
28
44
25
34
28
26
46
38
29
34
29
45
45
29
38
39
43
30
35
43
35
36
38
37
36
35
18
35
34
43
20
19
34
