22
25
10
17
20
18
32
15
20
23
9
22
22
15
18
20
18
22
19
19
14
17
23
15
22
18
11
24
20
22
25
19
17
14
14
14
21
13
11
17
12
14
15
10
22
19
16
18
22
15
13
12
13
19
23
18
17
19
19
32
16
22
28
16
23
19
18
23
25
12
12
23
11
17
28
20
15
23
18
14
20
18
14
17
23
19
27
20
16
20
17
13
24
20
15
18
14
16
19
20
16
19
13
11
22
16
19
16
13
25
16
12
24
16
10
28
16
16
18
14
13
25
21
17
17
17
12
22
18
20
18
15
18
19
17
23
21
21
19
25
11
21
18
22
17
22
14
19
21
13
10
18
15
13
24
20
16
17
15
20
22
20
16
13
13
14
20
18
27
12
15
29
21
19
26
9
18
16
18
12
20
27
13
24
15
18
21
17
19
27
16
15
29
16
20
24
15
17
26
19
21
14
19
27
29
19
18
32
20
17
21
17
19
19
12
20
18
13
21
22
23
22
19
13
28
21
14
30
17
14
30
13
17
29
19
8
25
15
23
33
17
18
17
19
21
15
15
19
26
18
15
26
19
23
20
17
11
20
14
15
10
22
13
19
18
13
16
17
13
22
14
18
25
13
22
20
14
28
25
15
27
17
18
37
11
16
22
14
18
32
16
17
23
15
18
27
16
24
25
13
20
24
23
12
22
21
15
16
13
20
34
15
22
18
15
17
17
21
18
10
25
12
17
22
19
16
28
13
20
19
17
18
19
15
16
23
10
11
21
14
15
34
15
14
18
18
11
24
18
19
20
13
13
16
18
14
24
15
17
15
15
20
24
16
22
17
13
30
11
15
25
14
23
28
14
14
26
21
22
23
21
12
18
15
10
25
17
26
25
20
24
15
24
11
24
15
13
22
14
15
20
12
16
22
19
17
19
19
21
17
19
18
15
17
29
23
22
20
21
13
24
20
20
26
18
18
26
21
12
22
18
12
33
22
19
22
16
11
29
21
15
17
12
19
23
16
16
18
17
16
26
14
11
18
9
17
19
13
24
13
22
28
25
16
18
28
16
24
24
17
19
20
28
31
13
26
25
15
14
19
8
14
25
20
18
22
20
18
22
16
21
20
22
22
20
16
10
23
16
11
22
10
16
20
14
14
19
17
17
12
24
14
18
19
17
19
19
15
16
16
15
28
19
26
22
23
15
16
9
16
24
22
30
12
13
32
