26
16
21
21
21
24
21
28
29
30
25
20
20
36
23
24
22
18
25
17
21
29
34
19
17
26
32
21
22
21
17
24
22
21
19
13
27
18
18
23
20
31
13
16
25
27
16
26
23
35
26
24
20
23
23
19
30
21
24
19
22
21
20
17
27
22
21
27
31
31
28
15
25
28
23
15
16
28
23
21
21
21
16
24
13
30
27
31
20
27
19
18
28
24
12
24
24
17
16
24
30
18
22
17
29
28
17
19
21
22
21
18
25
20
16
28
25
19
19
24
29
32
24
24
21
26
18
20
19
26
21
32
26
17
22
28
22
25
22
23
28
17
19
29
21
18
21
15
25
29
15
17
18
19
18
22
24
28
24
22
23
25
21
22
17
12
18
22
17
17
30
12
25
20
22
23
21
25
20
22
28
27
16
21
17
20
22
19
21
24
32
15
14
30
20
20
36
27
28
21
24
18
31
20
28
18
18
17
32
24
28
30
44
31
31
26
28
30
21
26
20
24
25
20
35
10
17
36
30
27
18
27
28
23
21
34
28
30
12
29
31
20
28
23
19
26
30
24
21
21
28
23
23
34
18
22
31
25
29
28
20
25
23
23
22
22
21
17
20
23
13
34
34
21
29
21
21
32
32
24
23
29
18
21
19
22
18
34
14
38
24
25
32
21
19
36
17
37
17
32
34
28
22
15
27
25
27
31
13
34
19
34
24
21
20
15
14
16
23
36
14
34
30
37
26
28
13
21
29
25
27
21
28
27
19
41
34
16
17
32
20
13
28
26
23
29
24
11
27
20
26
30
16
27
28
44
24
31
17
24
23
20
22
28
30
29
29
24
22
30
24
24
36
24
31
22
24
20
34
22
17
19
24
38
25
32
27
21
23
23
18
32
32
20
23
20
31
19
22
27
17
20
28
18
19
29
21
25
15
15
23
12
16
24
25
16
22
38
10
20
16
38
27
30
