17
20
20
28
20
24
26
30
31
20
25
30
23
26
30
28
34
27
27
30
28
24
34
27
31
30
32
30
26
35
25
36
33
26
29
25
26
28
23
31
20
22
33
24
31
35
31
22
27
38
26
30
30
29
35
19
23
27
30
24
38
30
29
25
29
21
33
31
37
30
34
20
24
26
27
27
36
21
29
21
29
33
29
29
40
29
27
19
31
32
35
30
36
33
27
33
31
26
35
29
29
28
28
37
29
26
31
26
29
27
27
33
36
29
27
23
30
25
35
34
31
20
26
34
34
27
36
34
23
40
28
36
36
14
25
31
31
23
29
32
31
30
28
29
34
25
39
21
24
36
22
22
25
36
33
24
32
29
32
28
28
34
26
36
33
30
25
24
26
22
32
33
30
32
28
19
22
29
36
29
28
20
27
29
35
36
20
31
31
25
33
28
25
28
30
28
38
33
32
31
24
26
31
17
34
29
29
25
30
28
26
26
36
30
37
32
30
27
36
27
33
25
38
32
29
33
30
28
29
29
28
34
28
28
29
26
23
31
23
31
35
29
31
30
28
21
24
24
31
30
41
28
32
29
29
37
25
30
31
30
31
29
26
34
32
28
35
32
29
30
30
32
32
35
35
30
37
20
22
29
34
37
26
31
39
36
22
21
31
30
26
37
33
32
36
28
32
34
19
24
33
31
33
32
38
45
31
30
29
23
32
38
31
25
28
25
30
43
37
29
35
40
40
29
34
32
27
38
21
21
35
34
34
36
28
35
32
39
22
32
