24
25
25
29
25
22
26
32
22
31
23
27
34
28
34
29
30
26
32
29
33
24
36
36
23
38
32
28
34
25
31
30
36
29
29
40
36
39
26
29
25
27
27
25
31
29
23
23
28
32
34
26
29
31
34
26
36
29
28
29
28
31
34
22
30
35
40
32
38
31
34
38
31
27
22
28
25
35
33
35
25
37
34
42
28
32
31
39
30
32
33
34
31
34
22
30
29
31
34
32
27
41
32
35
27
30
23
29
22
22
30
30
23
34
31
35
35
31
28
28
29
35
36
32
37
31
30
32
27
38
39
24
27
29
29
26
32
30
28
33
39
24
33
27
24
30
32
32
36
30
33
25
28
35
24
24
21
29
26
30
27
29
35
34
27
29
31
29
26
25
39
33
28
37
28
26
38
26
32
30
23
28
36
29
29
29
32
34
29
33
26
28
29
38
32
25
35
27
37
28
29
32
28
29
33
25
30
40
35
36
21
25
39
38
28
33
38
32
31
26
44
36
26
17
33
32
33
25
34
29
23
33
26
25
25
25
31
35
35
22
33
28
34
37
29
37
39
28
26
28
24
32
27
32
25
29
23
31
36
36
42
29
36
26
21
23
29
36
29
36
31
24
25
33
24
26
31
24
37
32
30
24
35
32
31
36
38
34
35
30
28
33
25
30
36
29
41
33
30
38
27
38
45
32
31
31
37
38
30
43
44
40
28
23
38
32
31
23
28
32
38
32
42
37
24
34
22
