26
18
15
29
11
11
15
15
12
23
14
10
13
16
12
12
16
18
17
10
12
14
13
20
19
22
18
13
13
22
11
10
32
11
15
13
15
13
24
8
13
25
14
10
23
12
16
15
10
18
15
10
11
17
14
12
12
18
21
16
16
18
14
9
21
13
16
29
8
10
29
16
17
24
15
15
24
14
13
16
15
8
20
23
14
18
13
11
12
12
11
14
20
9
13
10
11
11
14
17
19
13
16
18
14
25
7
13
20
12
10
24
15
10
26
19
10
16
10
11
22
13
9
17
12
12
21
15
12
19
11
16
10
12
10
16
13
13
19
9
7
22
10
19
15
18
19
11
16
17
12
16
22
17
19
22
14
13
21
13
10
22
11
13
10
13
14
16
11
13
26
12
17
16
13
12
11
11
14
14
17
14
17
12
15
13
13
14
17
13
18
16
10
19
13
13
24
15
10
17
16
9
28
15
13
24
15
12
26
13
12
23
12
13
18
9
17
11
11
10
15
11
12
16
10
16
15
8
11
16
13
11
16
16
15
22
13
19
25
14
17
13
10
24
18
21
14
10
11
20
11
15
25
8
15
28
15
14
21
9
15
24
16
12
10
13
12
19
13
19
20
11
16
15
9
14
14
11
16
17
12
17
24
12
19
16
20
21
19
12
26
14
12
20
15
16
22
14
12
17
18
14
17
17
22
14
13
13
18
15
13
19
12
16
21
16
25
20
9
14
19
15
11
19
17
16
20
23
16
13
21
20
15
16
25
14
14
23
15
16
13
15
7
16
11
12
20
12
12
24
5
14
15
15
16
21
22
9
14
12
11
13
13
17
12
12
17
14
11
20
13
12
27
15
21
21
17
8
16
13
14
21
12
14
16
18
7
26
9
19
19
11
13
17
13
19
23
11
20
17
12
19
25
9
27
13
15
18
14
11
16
13
14
15
13
13
22
13
11
18
16
15
18
12
14
9
16
11
17
16
13
28
14
16
15
13
25
13
13
21
18
12
28
16
14
23
10
18
14
10
11
13
16
13
11
11
13
16
15
14
18
11
16
16
10
10
11
11
22
6
11
24
10
9
23
13
13
25
18
9
22
11
14
22
17
10
17
8
15
27
12
12
21
16
16
12
12
14
19
13
8
10
14
6
10
16
14
13
15
19
10
10
22
14
9
25
17
13
27
9
22
31
12
17
17
15
14
19
11
13
14
16
8
15
14
15
13
15
12
16
16
15
19
13
16
18
15
19
17
14
12
18
8
19
13
13
19
13
12
24
19
9
17
9
15
20
11
10
20
9
8
7
12
17
16
15
22
15
10
12
20
9
10
13
10
13
15
11
9
13
8
4
21
11
12
10
14
10
16
16
11
15
12
21
6
12
18
13
12
26
8
7
17
6
7
22
13
14
18
12
10
20
16
13
22
17
9
10
7
7
12
11
16
12
14
5
9
11
10
13
13
11
12
12
10
20
11
13
10
26
9
15
13
16
21
12
14
18
7
8
20
13
10
22
15
15
16
