23
9
15
9
17
22
12
8
15
12
9
15
12
12
14
15
11
21
10
9
14
11
9
14
5
15
16
11
12
16
16
8
17
16
14
13
10
15
18
17
16
9
18
15
14
12
19
12
13
14
11
14
16
13
10
13
16
15
19
17
17
19
17
17
20
17
15
20
15
13
17
11
13
20
10
14
13
11
14
20
11
16
17
13
20
14
21
22
12
14
21
11
10
18
19
12
17
12
11
17
14
6
18
14
12
16
20
14
15
8
18
13
11
12
20
12
11
14
14
11
22
9
9
12
11
15
20
11
16
13
14
23
15
6
21
15
15
19
13
17
25
11
10
16
8
9
18
6
12
15
10
16
17
11
12
15
14
12
12
12
12
17
12
11
16
15
14
21
18
7
16
10
13
17
17
17
17
14
19
12
11
24
10
16
8
10
15
23
9
9
18
13
11
15
15
8
12
10
18
19
14
17
19
10
8
16
18
16
18
11
9
15
17
18
11
8
13
19
17
11
16
21
27
20
9
29
15
12
25
17
10
18
13
10
19
14
23
21
9
12
17
12
13
13
15
7
25
10
17
13
13
13
18
11
12
16
15
16
18
13
11
14
12
16
23
12
13
8
14
20
15
12
23
20
18
20
24
17
34
13
11
21
14
14
15
14
12
13
19
11
17
8
9
22
19
15
11
12
12
17
13
16
16
14
11
23
16
16
21
14
15
10
13
17
13
17
18
18
20
14
16
17
27
11
17
19
14
14
16
15
13
20
15
12
13
14
12
24
9
9
12
19
16
23
10
11
19
17
14
11
12
10
21
14
28
9
13
20
17
12
24
16
12
19
9
14
16
14
14
23
8
11
12
7
15
18
15
10
12
11
10
20
13
19
17
16
16
8
11
19
12
12
24
8
13
23
16
13
19
8
18
21
7
16
15
8
12
14
15
11
18
20
12
13
10
16
24
17
15
22
14
13
16
17
18
17
18
21
12
14
25
11
12
27
10
17
22
13
16
19
11
14
21
9
10
10
16
7
22
14
14
20
13
9
14
11
9
17
12
16
20
10
16
14
14
25
11
17
28
13
12
22
18
9
20
12
18
16
17
12
13
11
9
14
8
15
16
16
17
14
12
18
18
19
15
18
14
16
15
15
27
7
10
19
15
12
24
14
11
12
10
10
19
11
14
21
11
14
14
11
11
21
10
13
8
17
15
14
11
16
20
6
10
19
9
9
11
13
18
9
9
22
18
14
20
12
12
21
16
6
17
14
11
16
7
15
17
20
14
16
16
14
15
12
11
13
11
14
17
7
14
17
8
10
12
12
12
14
9
16
13
11
15
13
14
13
13
12
21
5
10
16
10
15
20
7
11
18
11
16
16
8
17
14
6
9
21
11
9
15
10
12
15
14
5
19
12
11
14
10
12
16
14
12
9
11
10
16
20
10
17
11
15
15
13
12
18
9
10
14
15
14
22
16
16
12
10
21
8
12
25
13
17
18
9
10
13
8
10
20
13
11
14
14
12
17
13
9
16
10
15
23
8
21
17
15
17
18
13
16
19
14
9
12
11
12
16
18
18
15
