23
20
12
12
15
10
15
17
19
13
18
18
13
18
10
11
19
13
17
14
13
12
20
16
12
15
17
14
18
11
12
23
14
17
13
17
13
14
20
16
19
15
25
15
13
17
14
12
14
16
15
17
12
16
14
17
15
14
14
22
18
15
20
17
14
14
20
12
26
12
14
15
12
16
14
10
18
16
9
18
11
15
19
11
16
22
11
13
17
17
11
17
19
16
19
13
15
16
19
11
19
17
15
19
14
14
9
19
14
13
16
22
12
8
14
16
11
22
16
10
11
10
15
15
13
12
18
13
14
15
21
14
14
14
17
16
15
18
14
9
19
16
19
18
18
18
28
20
20
19
12
15
21
10
9
21
20
21
18
17
17
18
13
23
23
12
24
13
21
19
16
19
20
15
15
19
13
18
15
13
20
18
14
26
22
13
16
24
15
16
24
19
12
21
15
16
14
19
16
17
14
19
16
21
20
16
11
25
16
14
20
16
20
19
22
16
23
11
18
14
12
19
16
20
12
16
19
19
19
18
14
20
17
15
20
15
13
21
24
17
14
12
15
27
17
20
13
18
18
19
25
21
15
12
21
16
19
17
21
16
16
19
15
21
17
21
27
18
12
23
20
21
25
19
22
13
20
22
16
15
24
27
17
25
24
18
18
18
23
14
22
18
18
18
17
13
24
21
16
18
12
15
22
25
26
24
19
24
21
12
27
26
11
26
19
12
16
21
18
14
16
14
23
15
17
14
18
18
16
20
10
23
17
18
20
18
12
19
10
16
17
11
22
21
13
30
17
23
25
21
18
27
16
20
16
15
17
21
16
13
16
17
13
24
31
19
18
21
21
22
19
19
21
15
16
24
11
12
24
16
18
18
17
17
17
17
28
13
19
19
21
15
18
22
16
16
13
21
17
13
15
20
14
17
21
14
16
21
18
20
15
19
19
15
13
21
13
20
19
16
22
17
19
14
27
11
12
18
13
17
21
11
21
15
10
17
15
12
17
18
18
23
21
24
13
21
14
21
24
15
19
12
16
21
18
17
25
17
22
18
18
21
20
18
15
22
19
15
17
19
14
23
18
21
22
20
15
13
17
16
25
16
17
21
14
20
22
15
14
21
13
22
13
17
26
18
17
22
18
11
26
19
17
21
10
16
26
18
15
20
17
18
20
13
21
21
24
10
16
15
15
20
18
21
17
20
27
22
20
18
15
19
20
21
16
24
18
17
17
17
20
19
30
10
22
13
18
26
15
19
24
17
11
19
13
20
20
25
18
17
15
15
22
21
9
17
19
12
19
14
15
17
22
17
25
