27
22
15
24
31
22
23
22
30
26
30
25
21
24
20
21
18
23
27
20
26
23
37
28
16
27
30
32
19
28
30
30
31
27
18
26
25
23
29
36
37
30
29
34
25
27
25
23
26
27
28
25
30
28
25
25
29
26
32
23
40
21
18
26
27
28
36
31
22
23
28
25
36
35
25
29
23
32
27
29
24
40
24
32
27
25
33
24
27
29
18
28
26
31
31
29
29
25
37
23
33
20
30
33
31
37
30
26
27
20
31
26
33
29
31
24
19
24
18
33
27
20
21
31
14
28
29
27
27
36
30
29
27
17
25
30
47
34
30
32
25
36
23
32
26
25
25
35
26
37
22
29
27
29
23
33
25
31
26
28
26
29
31
20
26
30
27
26
25
22
37
24
26
23
36
32
32
26
35
27
29
42
28
19
29
27
33
30
26
23
24
32
35
25
31
26
30
26
26
27
27
32
32
34
30
40
30
28
28
37
30
24
31
22
29
31
31
24
27
30
27
24
28
28
26
28
28
29
32
32
31
42
29
23
29
28
36
27
38
32
38
24
25
34
38
22
27
20
33
29
23
22
29
26
27
19
38
35
32
31
34
29
22
28
28
30
35
31
35
36
14
21
25
25
22
28
30
30
25
20
34
34
32
24
28
19
23
34
22
23
29
24
37
33
20
29
33
22
19
24
38
32
19
30
29
29
24
25
36
24
26
29
23
31
24
30
28
31
32
27
27
36
27
24
28
31
34
26
32
23
25
32
26
23
36
22
30
37
25
34
27
24
21
34
42
39
29
40
33
35
21
28
24
32
29
26
23
