32
30
38
42
42
43
33
37
41
46
22
32
48
33
40
43
40
35
34
33
37
41
39
31
32
39
41
30
36
35
34
38
40
41
35
30
38
33
35
35
36
33
33
31
37
36
32
36
36
43
31
37
35
47
30
38
37
40
30
37
38
39
31
34
38
36
34
33
37
37
31
34
39
33
38
36
44
37
44
38
39
34
42
42
33
47
28
29
40
33
32
27
27
49
34
46
32
38
36
47
40
42
38
43
32
32
30
40
37
40
28
38
38
38
27
34
37
37
48
35
37
35
36
38
23
38
38
37
39
35
47
40
39
33
40
40
37
44
44
28
38
29
34
35
35
35
23
38
38
45
41
29
40
38
40
39
41
39
35
20
36
46
40
37
35
43
35
37
36
28
41
38
34
35
40
35
31
30
28
45
49
40
37
36
25
31
26
35
33
41
31
37
36
37
34
26
41
35
46
35
46
27
28
37
47
31
36
35
38
36
37
36
37
40
41
36
43
40
31
30
42
40
43
44
28
40
50
30
46
38
30
40
43
33
42
39
37
35
35
40
39
36
21
41
44
33
30
44
36
45
26
35
36
44
38
40
51
47
34
34
47
29
40
38
40
45
27
39
39
38
24
32
39
