21
21
15
15
17
20
17
19
18
20
25
19
22
18
22
22
20
21
18
17
20
17
24
21
19
15
22
22
20
20
14
20
28
19
18
19
14
20
19
18
15
20
15
21
20
17
21
22
17
20
17
12
21
14
16
19
23
14
17
24
24
18
20
19
18
29
20
15
17
21
14
19
20
24
15
16
15
22
23
27
20
21
17
20
19
23
17
15
15
19
20
15
17
16
19
24
19
23
21
20
11
20
22
23
21
19
17
23
29
16
17
17
14
22
18
18
21
19
23
17
19
18
19
24
21
18
18
20
18
19
25
23
18
18
17
22
20
16
25
16
15
18
21
16
16
19
20
23
21
20
26
19
16
19
23
31
16
21
17
25
14
19
18
22
17
19
21
21
20
26
17
23
18
14
23
19
20
19
15
28
26
19
19
24
22
16
18
20
16
16
23
23
26
24
23
16
14
20
17
17
19
20
18
16
25
17
19
21
19
26
19
16
19
14
16
16
26
18
16
22
19
15
26
19
20
15
20
18
18
18
16
19
23
14
17
17
26
17
15
17
25
27
18
23
23
17
27
21
22
18
14
14
21
17
23
20
20
18
19
23
21
22
16
22
16
16
26
23
22
22
18
16
36
16
19
20
19
16
20
21
24
21
14
22
21
22
24
25
17
24
15
14
23
17
23
26
21
19
26
25
17
19
23
21
18
16
16
18
20
21
25
20
17
22
14
14
25
14
17
18
22
24
24
21
27
23
24
21
33
19
18
22
20
25
25
20
24
18
24
26
20
18
20
18
20
21
19
23
21
18
28
26
28
25
23
16
25
21
16
20
22
20
17
25
21
23
23
25
27
16
18
14
23
17
19
22
25
31
21
23
28
24
20
25
16
26
21
15
12
18
16
18
23
28
28
14
16
23
19
11
20
19
24
20
19
23
17
21
16
20
19
22
21
18
20
18
19
16
23
19
21
24
23
20
19
17
24
18
20
23
20
16
22
13
16
19
19
24
19
17
16
19
19
26
17
22
27
25
29
20
21
18
19
28
23
21
23
16
22
24
16
20
18
20
25
21
16
21
28
19
19
24
23
21
18
21
25
17
24
17
20
18
22
23
24
22
26
21
28
20
13
18
23
26
20
16
16
28
20
