26
12
19
13
16
15
14
23
16
17
18
14
14
18
15
16
16
13
18
15
15
16
10
11
20
15
15
18
16
23
14
12
12
15
17
9
14
12
12
19
17
11
13
11
15
14
9
11
10
21
12
14
15
14
17
17
10
16
16
14
15
21
15
15
13
14
13
17
16
15
16
13
16
17
17
15
16
16
9
17
13
11
13
14
14
15
14
13
13
19
16
13
14
24
16
13
13
14
14
18
10
15
16
12
18
13
17
22
13
15
14
12
12
14
14
14
17
14
15
15
15
11
14
12
19
19
18
18
13
16
21
17
11
12
22
22
11
10
14
18
16
14
17
10
15
23
17
18
16
14
17
16
12
16
12
17
15
19
14
11
13
16
14
16
13
8
17
21
16
14
13
10
14
12
13
12
16
20
17
20
18
16
12
22
15
12
16
17
12
19
13
12
13
14
16
16
16
11
22
12
18
21
16
11
11
12
14
19
14
13
18
17
15
22
15
19
12
11
19
17
14
21
16
12
17
15
17
24
12
11
16
16
12
20
19
13
16
13
14
13
12
14
20
19
16
18
14
19
18
13
16
14
14
9
13
13
15
15
14
17
19
24
27
12
17
13
17
12
17
18
13
15
10
24
23
15
15
13
16
14
16
18
14
13
15
20
19
14
22
18
18
17
19
16
17
20
15
17
19
15
13
14
12
15
20
21
13
15
13
18
15
13
22
16
13
14
13
13
24
14
13
21
19
20
27
17
21
24
14
17
20
11
10
16
13
15
8
16
15
11
18
14
22
15
16
19
17
13
12
12
22
14
16
23
19
16
17
18
15
21
15
19
19
15
17
15
16
17
16
13
12
18
15
13
17
14
14
15
11
14
23
18
19
15
15
16
24
17
14
21
17
15
18
14
17
14
16
19
17
15
14
19
17
16
17
10
12
19
15
17
16
16
19
12
12
18
12
18
20
17
16
16
18
21
13
16
18
22
17
23
11
11
22
18
17
15
13
13
20
18
16
19
14
11
23
14
15
18
15
13
18
14
23
17
23
20
21
11
18
15
18
21
10
12
20
14
8
14
22
13
23
22
14
15
16
15
16
11
14
24
11
16
12
19
15
16
13
14
13
20
17
14
12
18
14
11
18
19
13
18
19
11
17
15
13
21
22
12
17
12
18
18
16
10
13
14
15
29
9
16
18
16
16
13
23
14
14
19
15
15
19
13
15
14
13
19
14
19
23
14
21
7
10
14
21
15
17
21
12
17
15
15
21
19
14
20
18
12
26
16
19
20
16
13
15
15
13
10
14
16
14
13
18
20
14
19
20
17
16
15
18
16
21
12
17
13
14
13
12
19
16
16
13
12
18
23
14
12
17
17
13
10
13
14
17
22
17
24
23
9
16
18
10
15
16
24
16
20
16
12
21
16
17
11
13
11
14
17
15
19
17
19
16
16
