24
19
22
23
15
27
23
16
17
24
18
20
19
13
23
16
18
14
14
17
23
17
18
18
13
17
24
19
18
17
19
13
16
21
19
22
16
21
22
18
21
23
16
21
23
21
18
16
20
19
22
14
16
20
18
20
18
19
12
20
15
17
17
16
19
13
14
21
12
20
17
20
19
16
14
19
21
8
14
18
27
16
18
22
20
15
13
17
15
16
25
12
20
14
17
15
23
18
17
23
22
25
17
17
14
16
18
16
24
20
24
18
16
20
14
19
14
20
22
14
17
16
19
11
17
19
18
19
16
18
26
24
20
21
17
16
19
14
19
18
15
19
11
19
14
15
13
19
20
16
14
26
15
20
21
15
22
17
19
17
29
21
21
18
21
18
15
13
7
17
14
17
19
15
20
12
20
17
24
19
17
17
17
12
14
15
16
13
22
18
15
27
19
19
17
17
17
25
18
16
15
17
19
15
17
16
20
20
21
26
27
22
18
19
22
15
22
21
21
24
16
20
23
24
15
15
16
12
24
13
16
18
17
21
24
21
14
29
16
20
14
18
17
22
18
17
18
18
17
24
18
19
31
19
25
24
23
18
14
22
22
17
25
17
21
28
22
18
16
18
23
11
16
24
15
16
20
24
20
16
10
25
20
19
20
21
16
17
24
17
19
14
17
22
20
13
23
20
24
23
15
16
17
15
16
15
20
25
20
19
21
23
22
16
19
17
19
15
20
25
18
26
19
19
18
20
23
16
27
19
22
23
20
22
25
14
18
19
17
22
23
21
22
30
14
12
19
21
16
23
26
20
16
21
16
17
27
19
27
17
23
17
16
18
23
11
22
16
18
15
17
25
17
21
16
13
14
11
16
14
27
18
18
18
25
20
24
22
27
18
20
18
14
24
15
18
24
22
13
26
16
17
18
20
16
26
25
22
18
23
23
19
23
23
20
20
15
14
15
17
26
17
15
22
23
16
19
22
24
18
15
25
19
25
22
21
24
17
19
24
15
15
14
20
18
17
17
14
21
22
24
23
25
23
27
21
20
19
17
17
20
22
19
24
14
17
22
16
22
23
21
22
19
18
24
15
19
18
17
20
21
18
21
18
17
27
26
16
17
23
16
23
15
18
21
22
21
16
24
16
21
23
21
22
16
23
19
17
18
16
22
11
13
34
20
14
16
17
20
22
17
18
17
22
26
14
22
21
