21
21
27
15
14
13
22
18
16
14
18
19
21
22
23
21
17
19
21
16
14
20
19
13
19
17
22
14
29
16
17
20
12
16
18
22
20
18
16
22
14
24
21
17
17
19
18
24
15
16
16
18
20
18
18
14
19
17
13
18
16
25
16
17
16
15
18
18
21
18
19
15
20
11
15
22
10
16
16
18
25
20
20
17
16
16
11
23
19
23
18
16
22
20
22
14
24
15
7
18
19
26
12
17
18
13
18
17
19
25
20
18
18
15
19
18
21
17
27
16
18
13
19
17
22
17
21
16
18
16
17
16
21
23
15
20
17
15
14
18
13
14
20
19
15
16
19
19
26
18
19
20
18
27
19
18
23
17
21
17
19
12
21
21
22
16
12
19
12
26
25
20
17
16
20
22
29
22
25
21
16
17
19
15
22
21
19
20
24
26
20
20
15
19
16
17
20
20
22
18
20
16
13
15
19
23
17
19
11
16
21
20
15
25
16
17
22
14
12
16
15
15
23
22
16
23
31
22
23
25
16
18
14
22
17
18
20
19
16
17
20
16
20
23
15
14
19
15
18
14
18
21
24
18
15
22
26
16
21
18
24
22
20
19
17
19
20
21
17
18
19
22
25
15
22
25
18
12
23
20
21
17
23
21
23
17
17
23
20
19
21
20
21
21
17
21
17
16
20
20
12
17
23
26
21
27
20
21
18
23
26
24
22
19
17
18
20
21
17
29
17
22
21
25
17
15
20
14
18
18
20
21
20
27
22
16
32
26
22
15
22
19
21
21
21
22
23
20
21
26
15
25
26
18
19
24
25
17
13
19
14
15
19
25
22
22
29
26
16
25
24
24
19
14
16
26
18
19
23
26
28
12
15
17
23
13
14
15
18
21
19
26
20
15
22
19
19
21
27
17
20
24
19
18
22
23
17
14
17
18
20
17
14
19
15
23
15
19
22
12
22
24
17
17
26
16
20
24
23
22
21
24
24
21
19
21
19
19
16
21
15
21
22
18
15
23
19
29
22
21
22
26
17
23
22
18
18
15
20
19
15
19
17
26
22
19
15
30
17
20
21
15
17
24
25
22
18
27
24
25
14
25
17
15
20
25
22
13
21
27
25
31
18
19
19
25
12
22
24
21
22
18
19
18
28
28
23
16
21
17
17
19
18
17
23
22
22
