19
17
12
13
8
10
14
11
17
16
7
20
15
11
13
12
12
10
17
18
14
11
14
13
9
7
11
11
8
10
9
17
12
11
14
9
13
12
8
9
10
13
11
12
9
13
6
14
11
10
9
10
11
8
14
6
9
17
8
18
15
14
8
13
11
11
14
9
9
13
9
6
12
13
8
12
11
10
12
11
14
8
8
10
13
9
11
9
10
13
7
11
13
8
10
9
8
13
9
11
18
8
9
11
11
11
13
9
12
9
12
13
17
8
7
14
10
11
13
15
16
13
11
14
7
12
11
9
11
10
9
12
17
11
11
16
15
14
7
15
11
11
12
11
12
14
15
11
9
8
14
11
12
11
13
21
15
10
18
12
11
18
12
9
16
12
11
12
12
7
12
13
13
15
15
13
13
13
16
13
8
13
14
18
12
13
11
10
14
16
11
15
11
9
12
19
9
13
9
8
17
9
14
12
13
14
13
11
19
17
8
17
8
13
16
9
15
15
12
13
13
10
7
14
11
14
12
9
10
14
10
10
20
7
11
17
10
10
10
13
9
16
10
12
22
14
20
12
12
15
14
9
8
11
14
14
14
9
18
7
10
13
9
9
13
12
8
18
9
11
16
13
11
14
10
15
13
10
14
12
16
16
11
15
11
14
9
10
11
11
11
18
11
12
19
10
13
9
9
16
17
12
12
10
9
19
13
10
14
16
16
17
11
12
15
14
13
16
13
19
18
15
18
9
13
15
17
10
10
11
11
14
9
13
14
8
11
14
17
11
15
11
11
21
16
20
20
17
25
22
14
10
18
19
15
20
14
11
21
16
7
21
9
13
15
11
10
14
9
12
12
12
10
18
11
11
14
11
13
13
13
8
17
13
13
15
7
12
14
7
15
15
10
12
14
8
11
12
18
18
14
16
13
10
11
13
17
13
13
13
14
15
15
16
11
11
14
18
10
12
15
11
10
14
14
15
15
15
20
17
11
15
13
16
17
14
14
21
12
14
17
9
16
16
8
17
12
8
10
17
13
16
13
15
10
7
10
16
10
10
14
15
13
17
14
10
13
7
15
21
10
16
19
12
17
23
10
11
19
13
6
18
15
16
17
11
9
15
13
10
18
13
17
10
10
13
16
9
8
21
15
15
14
13
13
7
11
14
13
11
25
10
14
20
12
17
20
9
12
11
8
13
17
11
12
16
10
8
15
12
12
16
13
11
13
11
15
20
9
16
12
8
16
12
12
23
14
15
21
8
11
18
11
15
17
13
8
15
14
13
16
16
12
11
13
12
15
18
6
11
10
10
19
13
10
16
14
20
11
14
8
20
14
16
9
11
22
13
11
13
19
14
22
9
15
17
12
12
8
8
11
16
14
13
21
12
13
15
11
11
16
9
8
15
8
15
16
12
19
13
12
29
12
10
14
8
12
18
12
13
18
15
9
15
15
12
10
23
10
18
15
14
19
12
14
18
15
14
14
10
13
12
15
16
10
11
18
13
14
21
13
11
15
12
11
18
11
13
18
8
10
15
13
8
19
15
8
15
12
10
19
9
9
17
14
11
11
12
21
6
8
24
15
14
21
18
13
14
11
10
14
11
9
13
16
12
19
12
8
18
17
10
12
10
10
16
11
10
13
11
17
23
10
14
17
13
21
10
11
14
20
14
14
16
9
15
15
10
17
14
11
19
13
12
17
15
10
13
10
14
18
13
17
24
12
16
20
13
18
18
18
17
12
11
13
15
