23
11
7
17
11
6
10
7
10
8
15
12
18
9
16
14
13
13
11
12
12
12
9
8
15
16
11
10
8
15
14
7
13
9
10
8
16
14
10
8
20
14
12
18
6
8
15
10
12
12
15
6
10
13
12
19
6
16
14
15
13
17
13
17
12
7
20
13
13
16
9
8
18
13
9
21
8
10
17
4
11
15
6
9
15
6
10
22
9
14
16
10
13
18
9
8
11
14
11
20
11
11
22
11
13
9
11
18
14
13
17
9
11
17
14
10
16
12
11
20
8
10
15
10
8
19
16
10
19
10
8
15
15
7
22
17
10
20
14
5
22
12
10
17
7
11
18
9
18
15
7
13
13
9
17
14
6
15
13
7
7
11
10
15
14
12
16
10
11
17
11
7
11
7
15
15
7
13
14
5
11
18
16
12
18
10
9
12
10
12
13
8
15
19
15
17
14
15
20
17
14
22
12
11
19
18
13
23
15
15
18
12
8
21
12
14
16
9
6
20
7
11
14
9
9
14
9
5
23
11
14
14
15
12
15
17
21
17
15
17
12
16
34
13
13
20
13
13
22
9
12
18
8
11
18
12
11
17
10
14
18
14
14
12
15
13
13
13
13
10
9
14
12
13
12
20
15
11
13
13
11
17
17
11
12
20
16
13
8
24
10
15
17
11
12
19
8
7
16
7
23
21
12
11
19
13
16
19
11
12
20
11
12
15
12
15
16
12
17
25
11
10
18
12
8
19
11
11
10
10
17
6
15
19
9
15
21
11
11
22
10
13
16
18
11
14
11
6
14
9
12
20
9
11
21
11
13
14
22
12
21
12
17
14
11
14
14
6
16
14
15
15
16
12
13
13
9
18
8
11
22
11
18
25
15
9
21
15
17
19
14
10
9
16
14
15
11
12
21
18
12
15
9
14
14
15
8
17
7
22
17
16
18
14
9
25
24
14
19
12
10
25
9
8
19
18
13
16
13
5
18
9
11
16
9
10
15
16
19
21
8
17
13
12
15
21
20
17
20
11
16
15
13
26
17
14
23
12
16
23
10
8
18
12
14
15
16
12
15
11
13
15
14
9
27
13
10
15
16
7
19
15
13
16
21
14
20
14
11
14
12
12
16
13
15
15
10
21
10
14
13
13
9
15
11
10
20
9
12
24
17
9
16
11
12
15
14
13
17
12
14
11
14
6
16
18
10
15
8
13
18
6
23
13
13
14
13
10
27
14
12
23
15
16
20
11
7
23
11
16
18
14
13
14
11
7
17
13
13
15
15
12
17
11
12
18
11
21
15
13
12
15
10
17
13
11
21
10
11
15
6
22
23
12
11
30
9
11
16
19
16
12
10
10
17
13
11
18
14
17
12
13
14
20
12
16
10
14
15
14
11
19
18
19
15
15
10
17
13
11
15
16
12
18
11
9
15
12
15
10
14
9
15
13
11
18
17
13
18
11
14
24
9
14
14
10
14
16
19
23
14
15
22
16
10
22
6
11
16
16
9
18
18
10
16
11
12
13
13
15
15
14
15
14
10
19
15
13
17
16
10
20
11
10
20
18
16
15
14
7
12
13
15
21
22
10
24
17
10
17
16
15
10
14
14
21
19
17
19
12
9
17
16
16
16
10
20
15
15
21
19
