44
45
51
43
50
47
54
55
56
36
53
42
47
55
43
58
49
47
43
50
57
48
41
60
43
46
50
45
51
37
49
44
54
55
48
49
45
48
45
49
45
45
43
49
55
54
45
46
54
47
46
51
61
48
50
50
57
45
55
61
61
45
42
53
50
53
45
44
41
59
54
49
60
48
59
48
47
54
39
56
56
40
43
38
44
40
51
45
47
48
47
39
51
41
50
41
61
48
42
42
51
55
44
50
45
52
48
47
42
43
43
53
58
45
52
51
45
49
46
38
58
56
52
62
54
43
51
69
55
45
40
59
49
57
47
46
61
62
46
41
55
57
54
49
50
61
43
56
45
44
56
45
61
48
54
39
48
38
41
44
54
51
66
54
60
40
45
45
51
51
47
55
39
39
38
64
61
42
52
52
40
51
49
41
52
64
58
53
31
48
57
54
50
59
41
55
60
35
47
46
50
55
46
