21
18
14
20
16
18
12
16
19
18
13
14
16
18
26
16
21
13
16
17
22
23
10
15
18
11
16
20
18
14
21
19
19
22
16
24
17
14
19
16
23
26
16
17
18
19
13
23
18
15
13
21
18
16
20
20
17
19
19
19
18
16
22
13
16
18
14
16
18
21
18
16
16
20
22
13
14
17
16
16
14
11
20
17
16
17
22
20
20
29
19
12
17
23
13
15
17
22
20
15
20
16
23
17
21
24
18
20
20
17
16
26
24
19
16
16
24
18
22
19
14
23
18
18
25
20
12
19
24
15
19
18
12
12
19
24
24
15
23
18
26
15
18
17
19
17
23
24
18
22
27
18
13
19
23
18
21
22
16
14
17
18
17
14
18
20
14
21
20
19
20
15
18
16
20
15
15
16
18
20
21
14
12
26
20
15
17
21
15
18
15
21
26
20
15
18
14
17
25
17
16
14
21
18
18
19
15
17
16
17
23
12
20
20
21
15
16
16
19
18
20
17
13
22
20
16
17
14
14
26
18
20
19
16
14
15
18
14
13
15
14
23
21
19
25
16
19
19
17
12
19
21
16
18
14
21
16
17
15
15
21
20
15
16
20
16
16
20
20
15
22
19
19
18
26
13
17
18
21
18
18
23
20
20
23
25
16
22
24
14
23
21
15
22
11
19
17
17
14
14
23
21
23
21
19
23
26
22
19
21
16
17
19
18
20
24
19
25
18
21
23
16
17
16
18
19
22
16
23
18
15
20
14
16
16
17
16
20
17
20
18
20
18
23
16
18
25
14
22
16
23
17
22
21
16
19
20
21
13
14
25
20
16
20
21
12
29
22
18
16
14
19
17
16
19
15
22
24
17
26
24
19
19
20
25
25
21
24
19
23
20
20
19
28
21
20
14
22
20
18
22
25
17
15
27
21
21
20
17
17
14
21
22
18
18
17
18
21
27
28
18
18
19
13
15
24
25
13
23
14
17
19
22
23
24
16
21
12
21
17
11
21
26
23
15
20
20
24
21
19
17
19
18
19
20
20
24
24
25
18
17
19
16
23
19
20
20
23
19
18
28
17
23
18
17
22
17
19
14
23
17
19
13
23
18
17
26
19
16
11
24
22
21
19
23
18
13
21
20
12
17
19
14
16
13
21
21
20
13
22
18
22
20
24
18
17
17
18
23
23
19
22
14
22
25
21
24
17
17
13
17
20
18
24
16
