17
17
11
12
20
12
15
17
15
14
11
15
23
18
16
13
19
20
12
17
19
14
17
18
16
18
15
15
14
20
22
11
16
14
23
16
18
14
17
9
15
18
20
13
16
15
10
13
22
13
8
19
15
16
13
17
18
15
11
11
10
11
24
10
18
13
11
17
15
15
16
16
16
17
16
9
17
13
16
16
13
14
10
10
15
12
14
13
14
13
11
13
11
18
16
13
13
14
16
14
13
18
21
18
11
17
15
16
18
11
12
17
19
16
15
15
21
29
21
14
13
17
18
12
12
14
15
14
19
16
12
12
16
12
14
19
15
13
14
14
13
12
19
14
8
13
16
13
18
21
15
19
10
18
18
14
13
16
14
12
18
13
17
16
16
12
22
16
14
18
17
16
15
17
16
19
18
15
11
17
11
23
18
23
14
16
20
8
17
17
17
11
13
15
23
11
14
22
16
9
15
19
8
11
15
13
20
12
17
23
16
13
13
10
18
16
16
11
24
13
16
19
16
17
13
15
18
16
23
19
19
16
15
22
15
16
15
14
13
12
21
18
11
14
21
16
24
14
16
18
19
13
19
19
20
14
13
14
15
16
18
13
14
22
14
16
14
16
18
18
20
18
16
18
15
18
16
13
15
17
16
15
15
19
14
21
13
15
20
15
15
21
15
17
19
18
20
19
18
18
15
18
12
15
17
10
19
13
18
18
9
21
15
20
16
18
17
16
19
23
18
18
13
23
22
12
19
16
13
15
14
15
17
13
13
13
14
16
17
16
17
22
15
20
22
14
19
13
10
22
16
16
14
22
15
12
16
18
21
13
13
23
21
16
17
15
22
16
17
19
16
18
23
15
13
12
18
14
16
19
17
13
14
17
13
16
14
16
13
19
21
14
11
20
15
14
18
17
21
27
25
21
20
20
22
19
15
13
18
13
15
15
16
20
15
12
14
18
18
14
17
16
11
17
18
19
20
11
15
14
17
12
18
14
17
18
15
23
15
15
21
14
18
22
11
14
14
17
16
12
14
14
19
21
12
18
15
12
18
13
13
20
14
14
20
15
18
17
12
18
13
18
27
21
16
31
15
15
21
13
14
15
18
15
17
23
16
23
14
14
21
16
19
14
14
14
15
18
16
17
15
14
8
15
18
16
13
16
17
19
15
14
19
15
23
17
19
19
20
20
17
16
15
14
19
20
9
20
15
14
21
19
16
23
18
19
21
9
17
17
13
13
26
16
12
16
15
21
19
11
15
17
16
16
21
13
24
21
15
16
20
15
12
17
9
15
16
19
19
19
15
19
16
14
23
21
14
19
16
22
21
14
14
13
18
19
15
14
24
21
13
21
11
16
16
18
12
18
20
17
19
22
15
18
15
16
23
14
17
21
13
17
17
14
14
18
16
18
