37
37
26
20
28
28
27
29
41
21
30
38
33
38
30
29
24
27
33
41
28
17
23
30
28
29
34
25
25
24
28
33
25
35
32
26
33
44
33
33
39
31
18
34
40
23
27
32
24
20
28
39
36
31
32
27
34
28
28
35
33
29
19
28
38
29
30
36
31
30
35
30
39
27
29
30
20
31
28
27
22
28
39
32
30
33
38
26
25
29
38
25
23
33
27
31
35
37
21
38
26
29
34
30
25
40
28
21
39
25
31
21
35
37
35
33
27
29
27
27
32
25
43
36
22
20
57
30
22
29
35
36
43
23
44
34
24
31
43
35
26
23
29
45
33
23
29
27
36
32
30
20
36
26
24
30
24
33
28
35
34
28
24
32
28
19
28
46
39
28
30
29
41
40
37
34
32
29
34
32
35
32
17
37
41
38
33
25
30
34
35
30
30
37
34
25
21
38
26
34
34
29
29
31
34
24
36
27
23
37
33
33
38
28
27
25
34
23
35
25
30
27
30
27
29
26
29
32
33
46
29
19
36
29
35
32
30
32
28
36
36
40
34
35
25
26
18
25
34
35
34
30
35
24
22
25
26
34
32
26
25
38
30
37
34
31
26
20
34
36
23
30
34
38
33
43
32
31
36
49
38
34
27
31
35
33
40
33
34
48
31
43
39
32
48
27
24
34
27
29
29
30
30
28
39
34
30
32
29
31
22
28
29
30
31
35
33
45
37
39
25
25
31
