21
30
28
30
30
29
39
31
29
35
26
35
21
38
18
40
28
30
29
28
30
28
36
24
25
36
25
24
31
32
27
25
39
42
32
33
29
39
36
34
28
45
33
29
35
31
29
32
37
26
37
29
28
32
26
31
34
33
22
22
28
36
39
31
34
28
33
39
39
26
33
18
22
32
34
28
26
22
34
24
33
33
33
30
24
30
30
34
34
37
25
29
30
29
29
27
30
32
43
36
33
39
30
37
30
42
26
25
31
45
26
38
28
44
27
40
21
34
28
36
33
31
30
25
29
41
31
32
42
37
33
35
30
26
35
29
34
30
39
37
28
29
31
24
23
27
28
30
33
40
34
46
33
31
33
36
21
34
30
36
23
27
35
26
34
35
39
24
25
30
22
26
40
29
37
33
32
23
29
24
39
31
24
25
28
27
33
37
34
25
40
25
33
37
44
32
37
47
32
20
30
25
28
35
30
27
28
40
27
34
36
38
30
25
27
29
25
28
33
34
38
25
36
22
32
30
40
25
36
35
43
35
23
33
29
33
37
33
38
24
34
39
18
26
33
28
35
31
23
34
31
37
28
35
28
24
32
40
30
33
30
43
26
27
24
41
33
25
37
22
29
34
42
33
33
39
21
27
33
33
37
38
37
33
31
31
30
32
36
26
25
34
31
28
29
26
37
31
31
21
33
26
37
32
35
25
35
27
37
33
31
40
42
25
29
38
44
37
