44
39
46
47
59
52
48
49
57
46
60
40
55
51
60
63
53
71
60
55
63
77
60
54
44
53
47
61
45
55
59
55
57
49
59
60
57
70
57
47
56
46
54
63
55
45
54
49
44
59
45
54
50
55
51
58
49
58
56
60
58
54
58
63
49
75
52
51
57
42
55
58
56
53
58
68
54
51
70
49
44
49
49
54
55
44
59
57
46
62
55
55
52
57
63
60
57
36
45
59
39
63
55
53
66
61
60
54
63
57
50
60
71
62
50
52
42
45
46
68
54
66
45
75
64
57
56
50
56
61
80
54
52
51
55
46
43
54
55
60
61
58
59
56
44
54
46
55
54
66
57
48
52
42
50
51
50
65
51
57
49
53
58
69
44
46
50
36
47
54
51
51
46
49
59
62
53
49
72
50
55
64
64
50
