28
25
19
25
26
33
23
24
26
37
28
20
22
32
25
28
29
24
26
29
25
28
19
20
20
27
35
22
27
24
25
24
19
21
31
19
18
24
13
20
20
25
26
27
25
30
26
12
24
14
29
17
25
26
34
21
25
16
30
26
29
34
21
30
27
19
25
18
27
20
18
18
35
24
27
30
18
21
15
12
23
31
20
29
23
30
16
18
18
27
22
22
24
16
16
21
26
20
15
18
23
31
17
30
26
27
15
31
31
27
29
21
19
20
19
14
21
24
24
17
27
25
32
17
19
16
14
29
35
21
27
23
20
27
26
13
27
25
22
34
23
18
21
17
25
24
29
30
27
24
31
16
15
28
14
23
15
26
30
20
32
31
23
24
31
24
25
27
23
30
37
23
23
24
19
18
27
31
20
25
29
29
20
18
22
15
20
32
26
31
19
30
24
17
27
25
23
17
32
22
30
30
26
39
24
34
24
28
17
27
14
30
19
28
20
14
24
29
23
24
20
19
23
25
23
25
27
20
21
26
22
27
21
23
28
32
31
24
33
34
33
26
25
27
25
28
31
26
23
35
21
23
37
20
23
37
28
34
26
26
37
35
26
21
21
24
37
30
25
29
33
31
33
18
23
30
25
22
29
21
17
16
25
25
26
25
28
39
27
21
25
25
24
15
26
19
30
19
38
18
28
23
23
23
22
20
28
22
19
18
25
20
17
25
30
24
30
23
32
24
21
19
31
29
27
23
24
24
18
35
23
21
31
17
25
28
28
30
17
30
31
28
26
41
30
29
18
30
29
26
25
22
37
32
31
19
21
24
22
47
29
27
29
42
31
35
22
20
23
25
25
25
25
33
25
26
26
20
12
23
18
22
17
30
28
29
22
34
27
28
28
25
28
26
26
29
31
25
26
30
37
