24
24
23
26
25
24
16
24
35
35
27
22
22
25
35
27
36
22
20
33
27
31
28
32
39
28
32
28
24
30
37
23
33
32
31
30
26
26
27
41
23
31
18
23
33
26
36
29
37
34
28
21
22
27
25
34
23
31
30
31
36
28
36
22
25
27
29
29
26
32
28
30
26
30
25
29
28
32
33
29
26
26
28
31
27
30
27
29
29
34
27
27
26
41
42
29
32
35
31
38
31
26
35
27
38
28
24
33
32
34
27
31
33
29
34
31
21
23
26
30
30
34
35
27
23
31
28
32
27
18
32
22
30
33
32
40
25
26
30
32
32
32
35
34
32
21
26
25
34
24
32
35
29
22
26
27
23
23
32
27
31
29
32
30
30
27
44
30
37
20
28
34
33
38
28
24
21
32
20
30
32
38
23
32
31
43
28
31
29
28
25
39
32
36
24
31
35
29
21
36
32
35
31
35
32
35
36
29
22
36
29
35
30
33
22
27
34
27
29
19
33
30
19
36
29
30
22
26
32
26
28
25
38
30
32
29
42
22
32
43
38
41
34
42
31
42
24
35
40
33
32
34
29
20
33
28
40
29
34
21
37
40
34
30
32
33
23
28
28
32
32
29
32
35
41
37
48
37
35
29
22
36
34
53
25
29
34
50
31
18
34
21
39
21
27
32
30
45
33
42
38
32
31
35
23
36
32
33
35
33
34
27
42
37
36
41
34
34
36
37
42
37
32
33
33
26
32
42
