24
12
22
27
18
20
17
35
24
26
21
20
32
21
38
24
17
26
24
23
38
20
25
25
26
23
11
30
26
17
28
28
26
18
22
18
22
20
22
23
22
28
27
23
25
41
10
31
30
48
26
29
36
29
25
20
22
21
31
28
26
17
26
33
17
22
32
21
23
23
37
28
22
21
31
27
37
40
29
15
27
21
19
20
31
33
24
23
28
16
26
19
20
35
29
28
26
28
16
21
45
7
31
34
20
12
19
15
28
13
28
19
20
22
31
28
18
28
15
21
21
22
33
32
28
27
22
20
22
23
27
12
26
24
35
23
34
36
34
24
32
36
33
36
33
47
32
31
25
34
32
29
54
46
46
23
35
51
31
59
40
24
22
43
31
14
32
30
35
37
30
23
25
40
40
25
37
42
24
29
21
21
23
17
22
18
26
26
28
24
23
24
37
32
19
30
32
19
32
25
28
35
28
30
13
18
29
19
19
30
42
27
28
21
26
32
20
21
32
18
32
23
35
27
24
31
33
22
27
24
18
21
23
22
25
28
19
25
32
25
23
34
30
18
37
35
28
15
30
24
30
31
22
26
21
19
21
19
23
35
40
17
33
25
19
33
30
25
22
25
20
27
45
23
33
21
35
34
18
30
22
30
27
18
27
22
31
33
16
17
20
23
13
23
26
20
24
22
27
24
23
12
15
25
17
28
21
21
15
48
23
20
31
28
20
29
21
14
23
21
26
28
17
16
19
29
15
22
24
31
24
24
19
25
24
23
25
23
13
16
22
25
18
26
20
16
21
20
30
32
24
24
18
31
12
16
24
14
14
29
27
21
32
20
14
30
28
18
33
24
25
20
20
24
19
14
27
21
15
22
19
24
13
20
19
20
18
29
22
20
22
30
18
24
