32
32
42
29
33
39
36
38
32
56
44
38
38
57
45
44
49
40
42
34
49
45
42
46
35
51
50
48
57
49
40
42
41
51
59
46
37
44
49
33
53
44
29
41
30
49
54
52
39
37
34
43
49
56
50
61
53
49
52
45
45
45
32
52
48
53
40
37
49
53
39
47
55
60
62
52
47
52
63
47
52
41
40
55
47
46
41
48
44
45
41
49
46
52
44
49
46
52
60
49
30
42
43
55
54
49
46
53
56
49
50
43
44
45
54
46
53
53
48
47
55
40
50
47
43
49
46
51
51
34
52
57
62
42
44
48
42
51
48
53
43
42
36
46
53
50
44
54
62
47
47
48
49
38
35
54
61
55
46
30
44
51
48
51
52
36
49
52
35
49
45
50
51
66
46
47
58
38
43
40
54
48
32
42
47
49
43
49
54
37
48
43
47
41
49
62
54
39
44
59
52
39
41
50
52
39
56
49
47
42
54
60
55
34
43
