23
11
28
19
18
20
15
15
18
18
19
18
17
26
14
16
13
12
11
19
16
17
16
12
13
24
14
20
15
16
11
20
12
11
17
18
26
23
12
16
19
17
25
18
24
19
22
15
10
21
17
19
21
15
13
15
11
21
23
22
15
18
19
26
32
52
28
15
24
15
15
17
12
8
16
10
12
11
34
25
21
12
16
14
18
14
23
17
23
15
15
18
20
11
21
14
13
14
14
17
14
16
16
12
16
16
16
12
14
21
17
17
12
30
17
18
13
15
15
19
16
17
9
23
11
6
18
20
19
18
11
18
21
16
12
11
17
20
23
20
12
15
18
29
16
11
27
25
16
22
22
14
24
15
10
23
16
52
27
17
15
15
22
15
23
16
11
17
24
24
22
23
25
16
16
16
16
33
24
16
19
16
19
14
22
18
17
12
14
27
24
22
19
25
19
18
27
18
20
25
20
22
22
19
20
29
26
15
29
18
13
20
25
20
28
18
17
21
22
23
13
16
19
19
15
23
32
20
44
20
13
20
19
11
20
25
16
14
16
15
25
20
17
25
22
16
20
13
15
16
22
26
14
11
19
30
18
15
19
13
23
16
14
21
20
19
16
18
13
25
17
18
10
18
20
17
29
41
29
37
15
20
23
25
23
16
18
27
11
19
24
16
20
21
13
24
23
21
21
29
16
18
17
18
17
22
20
19
18
22
19
27
18
11
15
19
19
18
21
21
29
14
22
31
27
28
19
26
29
13
25
14
15
17
23
22
25
19
18
21
16
23
25
11
17
19
22
25
22
25
24
18
24
13
19
19
11
22
23
25
16
24
19
24
17
20
30
19
17
18
15
21
23
19
18
14
16
15
34
16
19
24
15
12
19
18
18
23
13
30
26
26
22
20
18
17
14
16
19
10
13
23
25
22
23
33
15
21
16
15
23
21
21
25
15
21
23
17
16
32
10
20
21
11
11
18
15
24
15
14
17
20
16
16
20
17
21
20
13
30
14
14
15
16
14
25
19
13
17
16
27
22
15
21
27
11
20
23
16
16
17
14
15
28
16
18
20
18
17
21
14
9
25
19
11
25
15
19
23
19
12
21
16
14
28
20
8
21
14
21
16
19
23
17
23
17
23
9
22
34
16
25
12
16
18
13
17
26
18
17
20
22
20
25
19
13
12
20
17
15
12
15
18
26
17
22
17
14
