26
12
24
10
13
18
14
17
17
19
13
13
10
10
8
17
10
5
15
15
11
12
12
7
14
7
7
14
8
15
16
8
12
7
9
13
7
9
9
9
6
13
9
14
10
8
7
13
12
9
11
9
10
8
12
13
6
7
14
11
11
9
11
8
13
11
9
14
12
7
19
8
11
12
7
8
10
16
13
16
9
16
13
9
15
6
10
10
22
7
16
9
13
16
11
13
16
12
8
8
9
9
16
14
12
19
21
10
14
11
14
14
7
19
11
10
17
8
10
17
15
5
21
13
9
18
10
17
13
17
17
18
12
11
18
20
15
18
11
15
22
13
15
20
17
15
21
10
14
16
14
10
21
11
14
19
8
15
15
14
22
12
13
14
8
11
17
11
15
17
9
10
16
12
9
13
9
9
23
17
13
14
11
10
17
8
14
17
16
9
16
6
13
14
17
8
19
12
14
17
16
14
12
21
20
7
12
21
11
12
19
13
13
17
14
7
9
12
19
18
14
11
21
13
14
16
16
16
15
14
14
15
7
12
15
12
8
15
12
11
15
15
15
18
4
25
15
14
23
14
13
16
14
16
19
16
12
16
17
10
15
13
11
15
12
17
15
11
12
17
13
8
24
20
13
20
15
20
23
6
10
21
12
13
19
14
11
12
18
13
14
15
18
10
13
22
12
14
12
10
13
17
10
14
15
16
15
14
14
11
21
11
14
17
17
16
15
13
23
12
15
7
17
8
13
12
10
12
20
15
11
13
11
14
14
13
29
13
11
19
14
16
17
16
17
21
14
10
23
13
14
14
17
21
14
21
17
12
16
12
15
15
13
20
16
8
18
17
21
14
9
13
17
20
16
12
11
23
20
16
22
18
10
23
15
15
26
22
7
17
12
13
28
12
11
12
11
12
19
14
11
21
10
11
19
15
9
17
15
13
17
10
13
18
13
17
19
9
6
19
18
11
7
15
23
20
16
21
9
14
22
11
11
19
16
10
15
13
12
16
12
14
18
12
19
24
15
12
19
9
16
15
7
11
14
19
15
19
16
10
17
17
24
17
16
16
24
13
20
13
13
16
7
14
25
10
10
24
12
16
8
10
13
24
17
18
17
20
15
18
19
12
22
15
12
19
12
10
14
20
19
15
8
13
22
14
13
21
24
15
23
13
10
19
21
12
20
11
30
14
12
30
10
13
25
17
16
19
12
8
27
11
13
21
10
12
15
15
10
15
10
10
21
18
17
19
13
7
19
17
9
26
11
12
17
11
16
15
11
21
10
13
28
18
12
25
13
13
25
21
10
23
17
21
8
12
10
16
9
14
18
9
11
14
10
6
18
7
13
18
16
8
25
10
26
17
10
11
13
14
29
8
16
19
14
14
24
11
18
24
10
12
21
10
14
14
8
13
14
8
14
13
13
9
9
11
15
20
13
13
14
19
17
18
12
13
14
12
23
17
8
23
13
14
18
14
17
18
15
8
24
16
10
13
17
8
16
14
15
15
11
15
23
19
16
18
12
22
24
10
17
24
14
20
13
14
30
10
15
30
16
8
22
17
14
16
16
19
15
12
10
21
