43
46
45
47
54
45
64
58
44
45
46
57
44
54
48
45
55
50
51
52
51
50
55
45
69
56
37
59
46
44
55
47
66
60
54
59
68
54
62
57
49
53
58
59
59
62
50
55
55
50
64
54
61
69
49
58
68
56
49
61
60
67
51
47
55
65
47
45
54
48
57
55
52
48
77
53
65
56
50
45
69
52
47
60
53
45
56
61
60
49
60
49
56
60
53
53
70
61
59
43
56
57
49
56
53
54
71
54
57
55
49
68
48
51
59
52
57
70
60
58
61
52
65
61
61
69
44
54
59
48
41
60
58
39
50
65
47
69
63
54
70
67
60
58
48
58
66
60
69
56
51
65
49
46
43
66
62
46
50
50
61
69
45
66
68
47
62
60
58
58
62
54
54
58
61
58
55
57
49
56
60
