18
15
13
13
16
10
13
16
11
18
18
12
20
10
15
21
22
21
12
12
21
13
18
10
25
17
19
9
26
24
8
18
21
18
19
17
22
21
18
9
14
11
22
21
10
16
12
17
11
25
13
12
17
14
17
23
20
19
12
13
13
14
11
9
13
9
13
12
12
23
18
30
22
13
18
11
16
17
22
16
17
13
21
15
27
21
22
21
16
18
18
33
6
13
14
11
19
22
16
21
17
19
25
16
27
20
11
23
15
11
13
13
27
15
18
18
24
16
20
10
16
11
18
31
11
17
16
19
11
24
17
10
21
17
12
12
12
14
12
9
25
11
21
24
11
12
17
15
14
16
15
22
16
15
13
12
23
8
11
9
12
11
13
7
11
16
22
21
21
13
18
26
14
11
14
24
15
16
12
20
16
13
33
15
17
20
13
13
19
15
15
11
9
10
13
10
15
10
10
15
17
20
18
19
14
21
19
11
18
15
14
16
16
19
18
20
12
13
15
22
14
17
15
19
22
14
14
13
10
17
14
18
18
16
16
16
16
31
17
21
17
13
24
19
11
14
14
10
15
23
15
10
18
12
22
21
16
13
20
16
8
25
21
13
17
22
16
11
11
16
16
16
17
10
16
18
27
22
19
8
15
31
27
18
11
9
17
18
18
15
21
23
20
13
22
18
11
25
23
21
23
17
18
19
25
12
17
23
23
15
21
16
16
18
13
16
13
19
16
18
11
19
21
20
16
15
22
14
22
21
9
17
19
24
21
15
16
11
18
21
21
24
24
10
18
21
19
14
21
21
20
17
18
16
13
27
15
25
12
16
16
14
30
22
21
13
20
18
19
22
28
30
24
22
22
24
18
28
22
15
25
23
25
14
22
11
14
20
15
19
14
11
13
15
16
16
18
24
20
18
15
16
19
14
19
11
12
20
16
19
23
14
31
15
15
26
12
14
31
12
17
23
22
15
20
19
9
27
9
8
15
15
14
24
21
22
12
15
20
28
13
11
13
9
24
16
12
18
7
16
23
18
27
18
17
13
27
16
17
28
13
15
22
12
16
15
13
12
23
25
21
13
15
15
16
19
8
18
22
11
19
28
19
20
18
24
21
15
24
12
12
20
22
9
23
18
20
31
16
21
19
16
14
20
18
17
9
17
18
16
12
16
22
22
16
15
17
16
19
12
19
19
16
20
18
16
18
14
24
26
10
14
25
8
13
15
12
11
25
10
11
14
19
14
17
12
15
20
21
24
14
13
9
21
14
25
9
17
25
25
27
25
20
5
28
11
13
21
12
15
15
24
22
16
12
20
22
9
15
11
18
9
17
11
22
12
