32
26
44
36
29
47
43
32
37
36
25
44
31
23
29
22
40
36
31
35
33
29
22
42
39
49
44
26
40
27
33
30
28
30
38
37
44
44
34
29
27
43
31
31
31
43
32
36
31
34
25
32
36
35
45
37
37
30
40
47
39
41
34
25
35
39
41
31
24
36
36
28
34
39
32
36
34
34
38
42
31
40
49
33
38
21
28
45
32
34
45
30
38
42
39
38
37
43
34
29
15
40
34
34
26
39
44
32
40
38
27
33
31
39
43
31
26
37
33
36
39
18
26
32
39
40
35
37
37
38
36
45
37
32
40
42
37
27
32
41
41
26
29
22
33
28
33
21
32
29
29
30
30
31
49
40
25
39
37
27
33
40
43
31
33
47
38
31
42
29
46
29
38
43
35
27
39
33
35
30
39
26
39
37
30
32
43
34
29
32
49
34
32
35
34
31
27
43
30
50
40
42
40
40
33
37
36
33
42
28
39
30
41
30
46
44
38
30
37
29
29
36
35
28
41
33
31
38
43
24
40
41
37
35
31
45
32
31
29
28
34
40
39
34
45
51
35
33
26
48
36
38
40
30
33
39
49
45
37
27
31
41
43
41
39
38
32
34
41
33
38
30
35
37
39
38
34
27
38
35
38
29
37
45
