25
32
32
22
19
30
38
32
31
30
37
32
20
31
30
32
30
25
34
26
25
30
25
25
29
29
33
27
25
26
26
24
34
24
35
27
23
29
33
21
29
26
23
27
32
25
20
25
25
33
18
27
28
27
31
27
36
28
34
28
33
30
34
37
28
28
35
33
27
38
40
30
37
27
33
28
30
31
24
26
28
30
37
31
36
31
30
26
29
21
22
41
34
29
37
29
29
26
26
21
34
24
29
24
29
30
38
32
25
31
22
34
23
27
28
25
39
24
20
28
46
30
29
31
25
25
26
31
31
41
41
34
29
38
26
30
30
29
39
31
31
44
29
31
23
29
27
28
35
36
25
33
27
37
26
18
29
39
34
35
31
28
19
33
36
23
24
38
30
24
21
20
27
27
45
25
25
35
27
24
24
29
33
26
31
27
29
29
25
25
25
26
32
31
34
32
32
28
17
24
24
24
23
31
24
21
29
24
31
35
32
25
26
24
31
25
30
27
28
36
32
35
20
28
34
32
24
25
31
31
35
37
47
25
28
27
33
27
34
31
29
25
28
26
28
27
31
21
25
20
31
23
24
39
27
53
24
26
23
29
32
35
34
35
31
32
24
40
36
38
31
23
30
25
38
30
28
33
32
23
26
33
37
25
35
29
27
28
22
29
32
40
30
29
30
37
33
37
42
40
21
33
28
30
33
33
32
25
24
22
38
38
30
38
36
28
31
32
26
33
24
24
17
26
32
38
28
35
39
28
33
26
23
24
32
37
21
22
23
33
