38
36
39
34
34
34
37
38
36
43
33
36
48
33
34
33
48
35
32
39
43
31
36
42
34
49
35
39
43
47
47
45
41
46
34
51
48
27
34
28
30
38
44
48
26
27
27
37
41
39
36
38
34
46
45
33
32
30
41
40
44
53
40
37
46
33
37
39
39
47
35
43
29
39
53
50
46
49
50
26
58
49
43
37
38
38
35
46
32
46
46
37
33
53
40
58
32
38
52
49
33
49
35
37
37
46
53
42
35
41
56
34
45
40
51
31
50
40
39
40
44
40
46
43
41
39
44
35
55
42
49
33
52
43
41
29
38
43
32
31
32
55
35
30
45
48
50
35
46
32
41
46
32
38
43
40
50
34
35
35
50
44
43
40
45
43
50
49
42
42
40
43
36
44
41
46
34
47
40
40
46
37
24
40
30
33
46
52
51
37
48
29
43
38
55
46
39
47
44
51
36
38
40
45
27
43
46
38
55
54
36
29
46
32
45
38
34
38
33
46
43
44
33
47
43
32
35
45
37
42
29
25
46
42
39
47
31
39
48
31
41
39
38
38
43
49
41
34
