29
20
18
16
15
19
12
12
18
9
10
17
13
19
16
20
23
19
16
16
26
10
23
21
11
15
11
15
17
14
21
19
18
15
22
11
15
20
22
18
15
13
17
14
19
14
22
8
15
19
17
31
14
16
15
13
16
14
14
21
13
19
12
19
14
15
12
19
14
11
16
22
18
13
12
19
17
23
15
13
19
16
18
9
23
13
14
16
16
19
19
19
26
21
17
16
10
14
14
16
17
13
16
18
17
16
17
13
20
18
9
17
17
13
19
11
19
18
18
18
21
17
12
15
18
21
16
14
16
21
15
15
12
11
20
17
13
14
14
20
24
13
12
24
15
13
21
18
16
17
16
15
15
15
21
24
11
15
14
13
23
13
13
15
11
18
9
15
14
19
19
15
23
23
19
17
12
20
23
12
18
15
19
23
17
16
18
17
19
14
17
16
17
15
17
18
18
21
21
15
15
23
15
17
18
20
19
23
29
16
19
17
18
19
18
11
20
14
19
19
16
16
23
16
20
21
24
22
18
15
21
13
12
16
15
17
23
14
18
19
15
18
21
17
16
21
21
18
23
22
15
19
17
20
19
27
19
18
15
19
16
18
20
22
25
23
23
19
18
12
16
12
18
12
24
20
15
12
16
12
12
17
23
15
18
20
19
13
13
22
17
17
24
18
30
23
9
17
25
21
12
16
18
18
19
20
16
21
9
18
26
18
13
20
20
23
19
18
18
21
16
18
16
26
20
23
12
22
16
19
26
14
18
26
17
24
20
15
25
18
14
16
22
10
18
21
19
17
16
16
18
16
12
19
20
27
19
22
27
15
18
15
22
15
22
18
16
12
22
15
20
18
17
20
12
18
16
21
17
11
27
25
16
16
17
19
22
25
14
15
18
13
20
18
26
16
18
21
21
20
22
16
19
21
18
19
22
14
16
25
13
19
24
12
17
23
20
15
19
23
17
21
18
18
16
18
18
10
15
17
20
22
18
17
13
18
23
16
20
27
17
25
17
15
16
18
18
20
22
19
24
25
21
15
13
19
20
17
15
20
20
15
15
18
19
14
28
16
21
12
24
16
12
23
20
16
30
13
19
21
10
18
24
20
14
22
15
17
19
18
16
19
18
19
16
24
23
23
20
25
24
19
16
22
17
24
26
9
22
19
17
25
13
14
22
22
14
18
20
13
28
13
24
15
16
20
21
25
26
28
11
19
18
27
15
10
16
26
21
16
20
18
28
16
24
20
19
24
20
16
20
18
18
22
20
16
31
20
