17
20
18
14
21
15
25
16
16
14
22
18
19
15
24
19
23
13
19
20
20
26
17
27
18
19
16
23
15
17
24
16
17
22
13
19
23
14
18
15
13
30
28
21
20
21
19
27
23
20
21
23
14
21
24
20
22
14
9
17
26
15
22
25
15
26
21
15
17
16
16
24
27
22
10
19
26
22
17
11
20
21
18
21
20
20
13
27
18
14
14
21
19
21
19
19
17
15
18
12
18
16
18
21
11
18
23
15
19
28
16
26
20
20
22
22
17
19
19
17
29
18
15
17
16
9
13
14
24
20
28
12
21
17
22
13
23
18
24
20
24
22
19
23
29
26
24
25
23
16
20
18
20
23
12
18
24
10
8
22
9
16
18
12
17
23
20
15
17
27
17
19
12
20
20
19
20
22
29
21
19
19
22
19
38
33
12
16
21
18
10
19
14
15
11
17
17
18
16
23
16
12
17
22
16
19
24
16
21
17
16
16
18
24
16
18
18
27
25
16
14
18
21
21
16
16
23
16
22
26
18
17
29
12
24
18
17
21
33
19
18
18
14
15
24
19
18
30
25
22
24
15
14
18
25
24
19
17
21
11
13
25
17
17
17
22
7
19
18
20
23
23
17
21
19
11
24
11
25
21
20
14
17
14
14
23
20
23
15
16
15
22
18
14
19
18
19
20
19
17
14
19
13
24
25
17
24
25
21
18
17
15
26
20
22
31
10
21
21
15
20
23
20
27
16
18
18
18
18
26
14
27
16
21
18
18
14
14
24
21
14
21
14
13
18
13
19
17
17
30
18
20
23
16
12
20
19
18
28
20
15
16
24
13
27
20
24
18
25
14
16
23
22
19
13
14
22
19
15
21
21
15
13
14
25
15
16
19
14
11
29
11
16
23
15
15
20
19
12
26
16
21
27
18
16
20
16
15
18
9
11
18
15
13
12
15
15
17
17
20
24
21
23
20
21
27
25
18
28
14
24
19
12
17
30
17
18
31
19
13
17
19
11
21
14
20
22
16
21
27
16
21
15
18
16
23
13
18
21
23
23
20
14
26
16
20
23
19
24
24
21
18
33
20
14
14
15
16
25
11
15
15
17
20
17
14
18
33
11
22
27
11
16
19
24
16
23
18
27
24
19
25
16
20
27
13
18
18
23
13
22
13
22
25
14
22
23
24
20
19
15
8
21
14
15
23
