48
49
39
53
50
42
55
49
45
40
42
55
55
60
53
58
53
47
41
65
48
46
49
50
46
46
57
55
46
47
53
43
63
56
57
63
56
41
62
48
51
49
50
43
69
49
59
51
56
46
41
59
38
55
49
56
62
41
58
50
50
65
53
51
58
51
64
47
44
53
54
53
52
40
59
82
55
59
65
47
42
44
42
46
37
48
56
61
58
60
47
49
67
42
49
47
57
54
49
60
50
52
50
40
57
50
60
47
57
54
54
57
50
61
53
54
44
59
47
60
62
50
53
52
52
59
63
48
56
63
61
55
57
52
49
51
54
49
46
46
47
42
53
48
55
49
56
48
58
50
64
55
56
54
49
49
59
52
55
57
49
55
47
47
46
65
53
58
44
50
42
50
66
45
61
47
64
60
53
53
52
70
64
46
57
57
53
52
59
66
