25
26
20
14
21
18
16
17
17
22
18
16
14
18
27
11
25
25
15
25
20
19
19
20
13
15
24
23
17
24
18
16
21
19
17
22
20
13
22
19
23
17
21
21
14
19
21
16
17
23
18
24
17
17
12
18
22
18
23
13
12
19
21
23
30
19
20
22
18
15
20
19
21
21
21
13
21
22
19
22
22
15
13
17
26
21
18
23
21
16
14
17
15
18
23
17
19
22
20
18
24
20
20
22
19
16
18
19
18
20
16
26
17
18
17
20
20
23
18
20
18
25
23
17
10
21
16
21
26
22
22
21
10
20
21
19
17
16
21
17
20
22
16
16
16
18
19
17
19
22
21
20
19
16
22
24
24
21
21
19
28
14
15
18
22
17
24
20
12
15
21
20
25
12
23
26
17
19
16
24
17
18
25
21
15
17
18
13
15
22
19
26
22
20
18
18
19
28
19
15
20
18
15
15
22
17
24
15
20
17
20
18
17
30
18
13
14
15
19
12
18
16
27
15
21
16
11
25
18
19
20
17
20
15
19
22
20
25
21
16
17
20
18
13
29
21
21
26
21
23
16
19
20
25
13
20
19
17
15
17
15
11
19
20
19
15
30
21
15
23
20
21
22
22
13
16
21
24
18
25
28
18
21
20
19
19
23
20
28
13
20
24
18
21
19
15
14
16
17
17
22
24
26
20
32
29
24
19
23
19
22
24
17
14
33
17
19
25
27
27
21
25
19
25
13
15
19
19
23
19
26
23
16
22
21
23
12
25
19
31
17
16
18
13
17
18
29
21
24
21
28
18
30
22
15
23
22
14
34
32
11
25
26
21
24
18
23
22
26
17
23
19
22
19
16
26
24
19
17
17
18
28
25
21
20
17
23
23
16
15
27
22
18
20
23
14
25
16
16
23
16
19
24
21
21
21
25
15
29
19
19
19
18
22
24
24
18
23
18
17
19
18
26
23
24
23
21
17
22
29
25
26
14
28
23
21
20
21
19
15
28
20
19
17
21
20
19
25
19
20
20
25
15
25
21
18
18
25
22
20
19
24
16
18
19
14
30
20
24
20
25
21
23
23
26
20
28
19
22
19
25
27
21
26
16
17
16
22
20
24
24
15
23
22
16
18
25
21
29
