51
38
46
47
46
52
46
42
56
40
56
59
48
53
47
46
51
48
43
44
53
39
43
48
47
52
45
37
38
58
43
43
48
44
56
44
39
48
40
60
35
49
49
50
49
59
51
47
57
55
47
47
49
40
47
45
55
44
48
38
46
43
54
44
49
47
42
49
49
47
49
53
43
43
50
38
56
54
56
37
45
34
54
61
43
56
51
50
49
33
46
48
39
46
41
43
53
41
51
45
40
44
44
45
44
52
56
59
55
45
51
49
50
55
52
57
54
42
42
55
43
45
59
53
45
47
45
46
49
55
59
50
52
53
59
42
44
54
44
44
46
40
40
53
47
47
49
53
49
45
44
48
39
43
35
55
62
45
55
52
52
42
41
66
53
42
51
52
47
63
56
50
53
44
49
44
59
48
59
51
48
48
40
72
68
43
45
48
52
47
51
49
49
48
58
58
47
49
51
46
50
56
28
47
50
48
48
