35
45
33
34
38
36
31
36
38
46
42
32
37
41
37
40
37
33
41
29
27
37
32
42
33
47
37
36
32
25
33
39
26
40
34
35
48
36
32
36
43
41
39
38
37
35
38
47
36
38
38
35
34
31
39
35
37
25
44
37
28
32
37
38
39
37
38
37
32
32
38
31
35
36
37
36
34
36
29
32
35
36
29
42
34
34
29
34
36
26
29
29
41
32
37
26
39
30
30
34
32
32
34
36
34
42
41
33
41
41
30
34
32
34
43
36
28
37
41
34
38
33
56
36
38
34
27
38
31
43
37
40
33
32
41
39
33
36
30
32
41
30
25
41
42
44
32
34
41
31
42
30
40
45
33
33
34
36
42
40
38
35
37
34
31
39
37
33
30
30
29
45
32
27
29
38
30
26
38
31
30
39
30
40
28
31
27
41
30
37
38
40
37
39
31
41
37
37
34
32
27
31
35
33
37
44
36
42
34
36
28
30
35
28
34
34
29
32
38
35
48
43
37
31
32
30
30
41
36
35
33
30
37
39
30
34
34
35
34
33
29
36
30
41
27
31
26
38
35
41
43
44
31
32
35
32
41
34
29
38
39
27
29
38
35
41
35
33
31
37
32
30
28
35
32
35
31
35
35
48
32
35
41
35
31
