20
28
22
26
12
17
19
13
19
14
17
17
27
18
18
19
20
25
18
14
14
18
12
19
19
17
20
19
19
20
17
17
25
22
20
18
20
18
22
30
15
19
26
19
21
21
14
15
17
20
20
18
14
17
17
14
17
15
23
18
14
24
20
17
21
13
20
18
20
23
12
17
18
14
20
23
18
15
16
12
28
19
23
20
18
19
17
13
21
19
25
22
24
20
19
17
12
28
19
19
12
19
22
25
14
18
17
26
24
19
18
13
25
16
28
12
16
22
12
27
23
18
15
23
16
21
22
12
22
17
16
17
10
12
18
15
18
19
22
19
25
19
14
19
21
18
18
23
15
27
21
9
19
15
13
20
17
14
23
13
14
20
15
20
15
24
24
18
14
18
16
18
21
17
23
15
20
17
22
19
15
16
15
18
21
14
16
27
14
18
22
19
14
18
20
17
16
15
23
22
16
20
16
17
16
18
25
22
16
20
24
17
18
21
20
17
15
20
12
21
16
17
19
21
17
17
19
22
22
19
22
21
19
24
25
17
19
23
18
20
14
20
17
22
16
21
16
15
15
16
16
24
21
16
25
15
18
22
16
14
16
14
20
18
23
16
20
11
19
16
11
13
12
17
19
21
20
22
20
15
22
21
20
14
22
24
19
18
24
22
24
19
16
15
16
20
22
20
16
20
15
18
15
16
20
17
22
23
16
16
20
23
23
22
19
23
20
23
16
21
24
17
12
22
22
23
15
20
18
22
16
23
22
24
21
19
16
20
17
21
18
19
16
23
18
19
20
17
20
14
15
14
19
19
18
16
19
20
18
21
20
17
15
20
20
17
20
19
15
18
21
22
14
22
17
22
19
17
19
23
19
20
26
17
17
26
13
25
29
21
17
18
17
21
16
18
14
25
19
20
13
20
15
16
16
22
24
22
20
22
18
16
15
20
19
20
23
25
20
20
17
13
19
12
14
15
15
22
15
14
20
22
14
18
23
20
19
16
13
16
29
13
19
25
19
18
23
19
22
21
15
19
18
18
19
23
24
24
17
12
20
17
18
22
16
13
18
24
16
25
19
19
17
16
17
26
15
24
20
14
19
19
13
15
18
25
18
17
22
16
25
20
26
19
21
17
16
16
26
18
11
16
14
17
18
17
18
17
19
18
14
25
16
25
17
21
23
17
19
19
17
18
23
19
23
17
20
12
18
15
21
21
19
16
