12
12
24
10
14
14
12
14
9
15
17
10
11
15
19
11
8
16
11
16
16
10
16
11
14
11
15
14
18
21
11
13
24
17
15
19
12
18
13
14
13
11
12
15
12
17
18
12
14
15
11
11
11
11
12
14
10
10
15
15
15
13
9
11
15
11
13
10
8
11
17
11
10
14
14
18
13
12
20
14
10
25
10
16
18
15
11
16
14
15
18
16
13
16
16
19
17
10
13
13
14
15
12
14
9
17
14
9
13
10
14
15
9
15
12
19
12
19
12
24
16
15
20
13
15
19
14
14
18
14
12
14
13
14
14
9
15
14
15
12
17
12
16
19
10
13
15
15
15
12
13
14
15
12
13
17
16
17
18
14
15
10
14
15
11
9
20
15
18
14
12
13
14
12
13
24
9
10
16
13
11
16
10
11
13
15
12
15
12
12
18
16
18
18
10
15
13
13
16
15
12
23
10
16
22
9
14
18
9
10
17
13
12
12
15
12
18
10
11
12
11
17
15
10
9
14
12
10
20
14
12
15
14
15
11
13
15
19
12
15
13
20
10
13
18
19
13
19
16
11
11
11
13
11
15
14
7
17
11
15
10
15
13
16
16
16
16
8
12
16
9
14
13
15
12
16
12
14
11
9
19
10
14
15
16
16
20
7
8
17
13
17
16
10
13
15
10
10
14
9
11
9
8
7
11
13
11
11
11
14
16
14
10
15
15
13
20
15
15
22
9
12
14
17
16
11
12
9
16
12
23
19
17
22
13
14
12
13
18
10
11
8
21
12
12
7
10
12
18
13
12
14
10
11
15
13
15
22
12
8
17
11
15
19
13
10
14
12
18
21
15
15
15
15
16
17
6
19
19
17
17
16
10
23
19
10
16
12
16
20
17
13
18
9
14
19
12
10
22
14
12
13
19
16
16
12
8
18
10
12
18
12
18
15
18
25
13
19
18
17
15
17
20
14
13
14
14
14
12
12
15
11
11
21
11
9
20
12
14
19
12
10
14
12
11
19
10
11
16
16
18
15
15
12
16
9
15
10
11
17
11
13
18
11
14
13
14
10
16
9
11
14
17
14
19
12
10
14
13
12
12
8
14
13
9
12
14
13
14
18
12
11
20
10
15
21
17
20
19
15
9
11
11
22
13
10
19
9
15
23
11
14
17
12
7
14
15
11
15
12
13
11
12
15
15
13
14
23
19
9
14
15
13
19
13
11
14
12
14
16
8
17
11
11
10
13
12
18
9
8
20
10
11
17
14
14
12
13
14
15
12
8
11
12
13
15
14
12
17
19
9
12
15
15
11
6
15
20
14
15
13
11
17
12
12
17
9
9
18
12
11
15
11
9
20
13
9
17
13
9
15
12
13
8
9
6
11
13
12
17
12
12
12
15
11
14
13
13
20
11
14
16
10
9
16
13
14
15
11
14
16
15
16
13
12
11
16
9
14
15
11
16
12
10
18
6
10
15
8
9
15
12
11
15
10
8
13
13
9
13
11
11
8
7
12
15
14
9
7
10
16
20
15
9
15
8
14
15
18
7
13
11
10
11
9
14
16
10
16
12
11
16
14
11
12
13
10
6
9
11
17
11
10
17
14
13
24
5
14
14
8
11
14
10
9
10
14
13
10
11
5
15
10
12
12
9
11
13
13
8
12
11
12
17
13
10
12
