20
16
13
10
15
14
13
12
17
10
13
9
16
13
12
12
12
14
19
15
13
10
16
10
13
15
8
7
8
12
8
9
12
10
11
18
15
14
14
17
15
9
10
14
17
9
11
11
14
10
15
5
10
17
12
10
16
9
16
11
11
18
12
12
14
15
8
14
11
15
9
12
12
19
11
12
14
9
23
10
12
7
11
17
12
11
9
13
15
9
13
9
8
13
12
13
20
13
16
11
15
14
9
13
18
12
14
12
17
14
18
14
15
18
17
9
15
9
11
13
11
14
15
14
13
13
18
8
12
11
17
12
9
18
12
10
13
13
11
23
11
11
16
16
15
18
17
19
14
14
11
11
12
12
11
14
13
13
12
14
13
14
19
9
20
9
16
18
22
17
14
14
12
15
11
13
13
12
11
20
17
11
21
12
14
15
13
8
22
12
7
13
13
13
17
8
13
17
13
15
9
11
17
18
14
24
9
14
15
12
7
14
15
10
15
11
10
12
14
8
13
15
15
16
13
13
12
11
15
15
13
11
18
16
9
18
15
10
15
14
13
10
23
17
14
10
23
13
16
15
21
15
13
9
13
14
12
13
19
13
13
20
16
14
17
17
12
17
14
13
16
11
9
19
15
13
11
12
8
14
18
8
13
11
17
12
13
29
10
19
18
13
14
16
15
13
19
19
16
13
7
17
16
7
11
23
14
21
13
19
12
14
18
20
16
15
21
15
20
10
26
24
12
16
13
15
15
17
11
10
11
19
18
9
15
10
14
19
20
10
22
12
14
14
15
13
16
16
12
17
15
12
16
9
14
21
12
17
20
14
11
19
15
13
13
17
12
10
13
10
16
13
16
10
14
18
14
20
15
16
13
20
12
13
24
8
17
18
12
10
16
12
13
14
18
15
13
15
7
21
18
14
10
10
14
20
10
12
14
10
20
14
14
12
17
8
17
16
11
17
19
18
21
12
14
15
12
13
22
8
18
22
13
13
18
15
21
19
10
12
13
13
18
17
13
12
16
13
8
18
17
8
14
10
15
8
17
12
15
13
14
12
13
21
15
12
18
12
14
21
14
10
13
15
14
20
9
12
15
20
11
13
19
12
19
18
12
16
9
12
18
13
18
16
19
14
13
12
12
12
10
18
15
9
17
14
16
20
17
19
27
17
10
20
20
12
23
10
9
28
15
9
18
17
15
24
11
14
17
12
13
16
15
18
14
18
10
12
15
16
15
17
10
14
13
10
17
17
15
14
13
19
18
14
17
7
19
22
15
15
16
13
11
17
14
14
18
16
8
17
18
11
13
16
13
26
16
13
18
14
13
14
16
12
20
15
13
18
14
12
15
10
15
13
18
15
18
15
12
12
15
19
10
12
17
14
10
22
18
15
18
22
13
18
10
18
21
12
15
21
8
12
18
15
8
14
14
11
14
14
15
14
18
13
11
9
12
13
14
9
21
12
16
17
15
16
13
10
21
12
10
15
17
7
16
11
10
24
8
13
17
15
8
19
15
15
17
17
15
14
11
14
12
12
10
17
12
14
15
13
9
10
8
15
14
9
12
12
14
10
14
7
11
7
15
14
11
14
10
16
15
11
18
11
12
17
10
20
