17
10
22
17
14
14
20
7
17
13
10
17
14
6
16
13
15
13
13
12
13
10
14
13
9
17
18
15
19
17
11
15
12
12
11
15
12
9
23
14
11
15
11
7
23
14
12
21
17
14
19
11
23
9
12
14
10
6
19
16
12
23
13
7
12
13
14
13
13
17
13
17
13
21
20
14
18
9
20
15
10
12
20
14
16
18
14
14
23
11
8
20
15
10
17
8
12
12
15
24
12
11
18
11
10
17
9
16
12
15
7
17
9
12
19
13
10
16
9
13
25
17
15
17
19
17
17
15
15
12
12
14
10
13
12
16
16
19
10
15
18
17
9
16
12
11
27
8
10
16
16
11
12
10
19
18
7
13
12
18
19
13
10
22
20
10
9
17
11
14
14
14
11
13
9
7
12
10
9
14
8
8
25
13
10
14
11
17
15
8
22
10
11
20
19
6
22
13
13
13
14
7
19
12
12
17
11
15
18
14
11
16
12
16
15
11
9
12
11
16
12
10
14
23
14
11
18
16
13
13
16
19
14
19
12
15
14
18
12
8
18
13
15
18
14
15
15
7
17
19
10
8
21
12
10
18
14
14
18
11
11
27
11
11
16
16
9
13
14
19
12
12
20
13
9
17
17
12
25
19
12
18
14
7
22
12
11
13
14
17
19
17
13
11
19
15
14
12
15
13
12
8
13
16
10
16
14
15
18
13
11
10
13
13
14
14
18
21
18
12
9
13
15
15
16
24
11
13
19
13
13
15
13
13
15
8
12
17
15
13
20
13
18
21
12
7
16
12
15
21
17
17
20
13
13
16
15
8
12
14
20
11
9
12
23
11
20
15
9
19
17
13
23
15
14
22
18
13
29
12
18
25
18
12
11
13
10
17
12
16
13
19
17
9
11
19
13
13
12
12
15
14
16
12
19
23
12
13
12
17
21
13
12
21
18
20
25
11
14
23
10
16
27
13
15
22
7
21
18
14
6
17
15
22
14
16
16
15
11
11
15
16
11
18
11
8
12
14
14
14
6
17
11
17
23
13
10
22
15
14
19
13
9
12
12
9
20
15
12
24
18
15
20
14
18
23
12
16
17
11
10
7
13
12
15
14
10
15
11
14
17
9
13
12
11
10
16
9
16
17
13
13
24
10
14
20
9
18
15
10
11
12
19
11
16
14
8
20
7
13
21
12
15
15
16
16
20
11
16
16
11
15
11
16
12
12
17
18
9
15
23
15
15
28
10
10
23
14
11
19
8
15
15
12
16
14
10
9
14
6
10
16
16
15
16
14
12
16
8
16
19
12
12
16
11
20
13
11
19
15
7
21
18
7
24
16
8
25
10
12
24
13
10
21
10
10
21
16
9
14
13
14
8
13
10
16
14
12
10
18
10
20
9
11
11
13
7
20
6
10
12
13
14
22
13
21
12
11
19
8
18
24
10
20
16
14
11
16
7
10
19
12
16
18
14
7
20
11
10
21
10
15
18
10
15
17
14
12
18
20
13
11
14
12
16
11
15
14
8
11
16
16
15
14
10
21
13
13
12
14
15
20
13
7
17
11
21
18
5
11
17
16
15
15
9
15
22
18
