20
16
14
27
17
22
17
19
13
21
14
17
16
14
16
21
16
14
19
15
16
21
10
17
20
17
21
14
19
17
15
18
17
14
19
21
25
13
22
22
16
16
14
19
18
10
17
22
20
20
19
14
14
16
16
14
19
20
15
16
16
12
21
14
17
16
13
12
18
16
12
19
18
18
15
17
14
14
18
14
18
14
17
22
17
23
18
17
17
17
18
28
14
15
13
20
12
15
15
18
14
19
21
21
16
12
18
16
14
18
13
19
20
20
17
16
12
22
16
16
23
21
20
19
21
12
24
19
15
19
19
22
29
17
15
17
17
18
18
18
16
18
22
17
19
13
16
19
23
10
17
19
17
16
13
18
16
25
23
16
14
20
19
17
19
12
19
15
14
13
15
16
13
13
18
13
24
11
22
24
16
16
20
16
15
14
11
14
16
17
14
18
15
19
18
11
18
19
16
17
22
16
24
16
18
24
21
20
22
16
14
11
16
20
12
13
19
20
16
16
18
19
18
17
22
21
15
12
17
19
16
12
10
13
13
19
12
18
11
19
20
14
17
18
20
18
19
20
14
22
18
14
19
14
19
23
16
17
21
17
21
21
16
22
13
15
18
16
12
15
17
12
19
14
15
20
16
18
15
17
13
22
17
16
22
15
17
25
14
13
24
24
20
27
16
17
19
15
18
26
12
13
18
24
16
25
13
22
21
25
21
24
13
12
17
13
12
22
20
13
16
16
15
16
20
15
16
17
18
19
16
24
21
15
20
18
12
23
17
15
21
17
18
20
16
11
16
13
14
20
14
14
21
18
12
19
13
16
22
14
14
14
17
16
12
16
16
19
14
18
13
19
18
11
10
21
14
21
21
20
17
15
14
20
23
16
17
19
15
13
15
18
16
19
25
11
14
20
17
16
15
14
19
16
19
20
13
18
18
17
21
16
15
25
21
15
20
15
18
20
16
13
18
15
13
17
10
17
17
14
21
16
17
23
9
16
15
14
15
10
16
26
18
19
16
19
15
15
16
18
15
20
15
22
16
14
28
20
20
18
27
20
16
19
20
15
15
18
13
23
16
23
13
19
16
12
20
16
17
13
17
13
15
18
20
16
21
14
14
14
17
17
11
23
14
19
21
22
12
10
15
23
15
12
25
24
16
20
15
19
22
16
14
15
17
18
24
19
9
21
19
14
21
16
19
17
21
20
19
17
16
17
15
17
15
17
16
14
11
19
18
15
23
20
19
26
18
21
23
15
15
17
15
18
15
12
10
16
18
12
19
14
15
14
12
18
23
16
13
15
17
22
25
13
11
22
13
13
16
20
19
20
16
