13
13
22
12
18
16
17
24
25
17
23
17
16
29
15
16
19
18
20
23
24
13
21
15
17
21
19
12
25
15
23
21
20
14
20
18
17
22
17
20
23
15
20
21
17
17
19
23
16
19
13
22
22
18
24
16
17
23
23
18
23
17
20
24
23
15
21
24
20
19
16
18
22
17
20
22
21
15
19
17
18
16
21
13
28
18
16
16
21
23
21
18
18
16
15
19
24
11
16
18
13
17
16
19
20
17
21
20
16
14
21
23
21
21
12
22
18
17
19
19
17
18
15
21
18
16
19
17
21
16
23
17
12
26
19
16
25
18
16
18
14
21
17
17
14
19
20
22
19
16
21
17
10
23
18
16
13
20
13
13
16
22
11
21
24
22
21
16
18
21
16
28
16
20
19
14
14
21
20
20
20
16
22
18
20
16
16
18
20
26
17
16
27
18
14
21
15
18
17
21
18
17
12
20
21
26
17
24
15
20
16
26
24
18
17
17
18
22
13
15
15
23
18
18
20
14
15
18
17
17
22
20
15
13
17
19
23
20
15
19
20
17
18
27
22
18
26
13
24
12
18
21
18
19
16
18
27
20
13
20
17
15
20
19
20
17
14
17
17
17
18
17
13
22
26
20
17
14
15
23
9
20
16
16
20
17
20
17
17
20
18
17
9
17
18
16
20
18
20
23
18
18
17
12
12
16
16
16
17
29
21
18
21
17
18
19
10
14
22
20
26
19
14
30
13
13
21
12
25
22
20
16
28
18
18
9
16
18
19
17
17
21
19
23
14
20
18
20
19
25
22
18
16
18
16
14
19
13
14
20
18
18
22
13
18
21
22
15
24
17
22
17
14
28
18
16
21
16
13
25
18
22
19
12
17
22
20
21
23
16
22
21
19
17
20
19
14
17
21
23
21
14
18
22
18
25
18
21
17
11
19
22
26
19
17
28
19
26
15
17
19
24
14
22
20
18
22
23
16
21
14
18
20
26
17
17
20
19
12
17
21
27
20
17
18
14
18
24
18
14
24
20
17
21
18
19
14
22
20
13
16
16
23
19
28
17
22
23
12
23
16
22
22
17
14
15
20
24
15
24
26
21
24
15
21
19
12
19
24
14
19
19
20
23
16
19
28
15
15
19
18
20
20
28
20
18
20
24
21
14
23
16
13
14
23
22
16
17
19
21
17
18
16
21
16
13
19
16
17
16
28
20
17
20
26
21
