22
24
31
14
25
21
21
23
25
22
28
21
13
21
23
30
19
20
21
11
25
15
22
13
22
16
13
29
27
22
24
25
36
26
20
24
23
32
34
23
15
19
28
19
14
26
24
26
25
24
34
21
29
24
24
23
21
27
23
22
23
31
26
26
33
32
22
36
33
20
23
26
22
24
30
25
29
33
26
21
21
22
23
21
34
32
18
22
24
22
35
22
24
27
22
21
20
17
26
40
25
27
22
21
15
16
15
24
31
19
21
27
27
19
19
21
25
32
19
35
30
33
22
23
19
20
23
32
19
24
30
32
29
18
22
18
22
27
40
33
40
36
25
28
23
19
26
25
21
27
36
19
21
14
24
28
27
25
29
21
29
26
26
30
23
18
18
19
20
22
13
15
24
18
24
24
18
21
27
16
14
23
26
21
21
23
20
24
28
20
19
30
29
22
20
31
18
32
23
24
23
27
29
27
30
25
27
23
15
20
29
32
30
24
30
22
23
27
34
31
30
27
25
34
22
24
28
24
23
30
26
35
22
19
27
21
29
16
25
21
18
25
26
23
25
26
25
18
22
22
26
34
17
24
29
23
19
24
33
39
18
25
16
36
22
23
23
17
20
16
25
20
22
19
19
21
18
24
20
16
25
18
22
17
19
24
21
26
14
25
20
26
21
19
17
21
18
16
20
17
16
25
19
14
23
14
22
21
17
27
20
15
17
24
22
19
23
14
30
20
16
18
23
19
17
23
15
15
23
15
28
26
21
22
19
20
18
19
20
28
15
16
22
18
17
21
14
16
20
17
19
13
20
17
29
18
17
19
18
16
27
19
10
18
19
20
19
11
17
16
19
21
21
13
23
24
16
18
16
16
26
16
16
25
22
24
21
12
18
16
18
22
17
14
17
25
21
21
23
18
22
27
20
21
23
16
15
24
24
24
21
19
21
22
20
19
30
17
22
18
14
27
20
22
18
15
20
22
15
27
15
22
21
22
23
11
22
21
17
13
22
21
20
19
23
18
