18
14
16
19
16
10
20
13
11
14
19
18
18
18
11
13
15
20
14
12
27
8
15
13
13
24
20
10
19
23
20
17
21
18
12
16
15
16
17
19
17
17
18
13
18
15
20
17
18
15
14
15
16
11
16
16
15
8
22
14
12
19
22
14
18
16
15
15
14
13
18
18
14
10
15
14
15
21
18
18
17
17
13
17
19
9
13
19
7
10
10
22
19
17
11
16
18
15
8
21
13
15
19
16
17
19
12
12
12
12
22
20
11
19
12
14
24
18
17
24
14
12
21
18
14
14
15
13
14
17
21
20
13
11
13
12
14
15
17
12
16
17
18
15
13
15
18
10
13
18
14
18
16
9
21
19
17
19
13
17
20
13
18
16
10
14
16
11
12
21
13
20
19
9
15
11
13
13
15
15
13
15
14
21
22
14
14
22
17
12
15
18
15
16
15
21
14
12
17
11
15
22
19
11
18
11
18
18
18
16
19
17
14
20
13
18
21
17
19
12
19
10
16
18
16
20
21
16
21
14
15
17
19
12
12
17
19
16
14
23
20
13
21
20
15
18
17
14
15
15
17
17
15
18
23
15
10
21
14
14
17
20
21
14
20
13
18
14
13
20
16
9
16
18
17
14
18
24
15
14
16
18
17
17
17
13
21
18
20
26
15
20
21
11
19
22
12
19
16
16
18
31
15
17
13
15
14
14
19
17
16
15
12
19
14
14
18
14
14
12
16
19
18
16
16
19
17
14
12
18
22
11
15
25
15
18
17
17
14
23
26
17
20
11
12
15
16
20
20
8
16
21
10
14
19
18
13
12
15
13
19
14
16
14
17
16
19
12
16
13
25
16
16
17
31
21
17
20
14
15
17
21
23
17
18
16
20
12
13
21
17
13
23
15
14
21
16
16
24
18
15
13
16
14
17
18
18
16
21
25
17
14
15
17
18
22
14
17
20
13
16
14
22
17
27
14
15
22
23
16
19
17
22
20
10
23
20
11
15
24
24
15
17
15
20
11
14
13
16
20
9
16
15
14
16
18
19
17
18
15
19
16
22
19
14
21
12
20
26
15
18
19
15
13
20
11
11
13
18
18
15
17
14
19
12
21
19
12
19
14
18
16
19
19
14
20
19
16
20
15
16
19
11
23
11
11
24
16
12
17
14
18
27
21
13
19
19
13
20
24
17
21
20
19
17
23
16
20
15
12
23
13
14
24
15
14
29
11
11
13
15
15
17
13
13
17
16
15
21
16
16
17
16
6
11
10
14
14
13
14
14
16
13
16
16
18
15
14
26
16
15
13
12
16
22
11
19
11
15
13
21
12
14
14
11
13
15
16
14
18
13
12
19
19
14
17
21
16
12
18
13
15
16
16
17
11
14
19
16
12
17
14
