23
17
17
16
16
19
20
24
20
23
19
24
15
19
18
15
22
16
12
19
18
18
14
16
17
19
18
13
21
22
16
13
17
22
16
15
20
24
16
26
20
16
18
20
12
14
27
16
22
17
18
21
20
16
21
16
24
19
16
16
19
21
12
16
15
17
22
25
26
21
24
26
17
12
20
23
23
25
15
18
14
18
24
14
16
15
19
16
17
17
21
16
20
13
18
15
17
15
18
22
23
19
21
20
13
23
17
21
15
14
19
18
20
28
23
13
24
23
17
19
21
21
21
17
11
25
21
21
27
14
17
16
20
21
22
12
20
21
21
18
21
16
14
22
18
18
21
12
25
22
16
20
17
22
15
20
25
20
20
15
23
21
12
20
19
20
19
25
16
20
16
11
19
18
18
14
16
20
20
27
19
21
20
11
17
18
18
19
14
15
18
20
14
16
25
18
19
15
21
19
21
25
18
17
26
13
21
24
19
23
23
21
20
17
16
23
20
15
20
20
14
22
17
17
18
17
18
20
19
22
17
17
14
15
19
26
22
17
18
21
19
19
25
26
24
18
17
20
22
11
27
20
22
21
24
19
17
24
20
14
17
27
15
19
16
21
20
19
21
21
22
24
16
23
18
24
22
21
16
20
21
20
16
21
18
24
15
24
17
21
20
20
24
17
26
17
20
18
17
16
21
18
23
22
18
15
20
17
23
18
14
27
29
19
18
20
23
17
19
20
19
15
19
17
17
20
21
24
21
19
19
19
17
23
18
28
12
18
21
18
17
23
19
21
21
22
21
22
18
10
15
24
11
23
23
26
11
18
17
21
19
18
20
16
16
22
15
26
20
26
19
24
17
19
14
22
18
16
13
23
25
17
25
15
22
24
19
21
22
19
16
24
16
19
28
19
17
26
20
18
24
17
21
15
21
19
23
19
16
25
20
22
27
15
20
13
18
16
21
19
16
17
19
27
19
22
18
19
19
22
16
20
21
27
18
21
16
20
20
15
11
17
13
14
17
18
15
18
12
13
19
19
21
20
23
20
32
18
18
26
20
20
25
21
12
26
24
14
18
19
20
21
19
21
19
14
21
19
21
31
15
29
24
23
14
25
23
16
18
20
18
20
14
22
20
19
23
20
22
20
13
15
17
21
20
18
25
26
20
19
18
19
20
19
20
20
16
24
25
