23
13
10
16
14
17
18
15
14
22
17
13
17
12
17
12
16
29
15
11
18
18
12
16
12
9
16
19
20
16
18
16
16
17
12
15
14
16
16
13
10
18
18
14
17
13
23
16
18
12
18
14
17
14
16
20
20
15
16
18
14
15
15
12
17
14
12
19
16
14
13
17
15
16
14
10
16
14
14
20
14
12
18
14
12
17
18
19
15
17
14
15
14
16
20
18
18
14
14
18
15
13
24
19
18
17
13
13
19
15
18
17
10
15
15
14
17
13
13
13
19
13
13
15
20
13
12
11
20
23
18
13
16
17
17
19
13
13
19
14
14
16
18
22
12
14
18
17
17
25
17
13
23
15
14
16
19
14
17
14
18
15
17
10
21
16
11
19
14
9
18
13
13
14
15
11
18
14
15
18
14
14
15
16
16
15
18
23
14
19
16
10
17
18
19
15
19
13
15
18
16
9
23
14
16
15
20
16
17
13
12
19
15
15
12
14
18
12
12
12
17
15
10
16
16
17
19
14
26
14
19
20
16
15
15
15
21
16
16
12
17
11
17
11
15
23
16
19
16
13
13
14
22
19
18
22
16
12
18
13
14
14
18
13
19
11
18
17
14
17
13
8
21
13
14
17
17
14
21
13
11
17
16
11
19
17
13
20
18
16
16
18
13
19
15
19
15
15
10
15
10
12
19
18
15
13
16
15
13
17
17
16
19
22
11
13
21
13
18
14
12
10
17
13
23
15
17
14
15
15
15
18
12
15
13
18
15
18
18
13
21
14
12
21
10
15
19
12
20
19
11
17
17
12
15
16
13
16
20
14
12
13
13
18
15
11
15
13
21
23
16
15
15
16
10
14
18
19
20
17
20
24
20
15
21
17
17
15
13
16
18
15
12
10
19
21
19
17
19
10
15
18
16
13
22
16
15
14
17
20
15
11
18
20
12
15
21
10
14
17
20
17
22
11
12
16
12
14
21
16
10
22
15
16
16
14
16
17
14
21
18
21
29
12
13
18
17
12
18
17
15
17
14
14
11
14
11
13
16
14
16
15
11
18
14
23
20
17
13
17
14
11
21
10
18
20
15
14
13
12
20
8
12
28
20
20
14
14
12
12
19
16
13
18
14
18
12
9
9
14
18
17
12
17
21
16
13
16
14
13
22
17
11
14
21
19
19
13
18
16
21
13
11
19
21
16
16
22
15
15
17
22
15
12
18
17
13
13
12
16
13
12
17
12
13
20
13
14
14
17
14
18
14
12
24
14
15
16
12
13
23
15
13
12
20
22
14
14
31
13
13
17
13
15
18
14
16
15
16
16
16
17
15
16
13
15
16
12
11
15
13
12
17
23
16
19
15
13
15
8
14
15
15
17
12
14
20
17
15
18
13
13
20
13
19
20
15
19
14
13
17
21
12
15
15
18
18
15
14
13
19
14
17
16
16
