32
52
45
49
41
42
43
48
37
50
44
49
42
49
42
44
39
52
50
42
45
44
48
55
48
60
40
51
44
45
51
54
60
58
48
39
51
41
49
43
55
42
46
48
47
50
46
46
54
40
54
46
45
51
64
44
48
36
49
54
72
47
50
34
48
57
58
52
45
66
40
49
56
56
41
48
53
51
65
52
46
45
55
57
49
48
51
57
48
59
45
47
44
64
42
53
57
68
47
42
60
74
49
47
60
57
47
47
49
47
65
55
57
43
44
53
48
51
49
62
54
68
51
60
46
50
65
53
58
55
55
54
61
54
55
50
46
43
51
52
58
49
44
51
49
48
41
55
44
51
62
53
52
57
62
46
65
52
49
47
54
43
56
49
48
44
62
47
42
48
58
54
49
59
53
50
56
47
52
52
54
54
57
49
50
54
63
52
50
51
59
64
50
46
51
58
60
