14
13
11
18
12
11
24
10
14
18
12
20
16
18
9
17
10
13
18
17
17
16
12
17
16
13
12
20
15
10
18
14
14
16
12
14
25
13
15
14
8
23
10
13
13
15
14
16
19
11
19
13
12
19
13
18
20
13
9
19
20
11
12
10
16
12
12
10
14
9
10
11
11
13
16
17
20
18
16
13
16
15
15
16
15
16
7
13
20
16
10
23
12
16
19
14
11
11
12
16
12
15
13
19
10
6
17
11
10
11
18
21
14
10
10
13
13
12
15
12
14
14
11
11
14
17
12
13
11
14
14
11
15
11
18
17
12
17
16
14
11
21
11
18
19
10
13
16
15
13
15
15
15
13
9
13
10
18
13
13
9
12
16
14
10
14
13
8
16
11
12
20
14
29
12
11
18
12
9
19
16
15
17
17
11
19
15
13
17
6
12
14
16
19
11
16
12
19
17
15
17
14
20
11
11
13
12
14
12
11
13
13
20
13
17
17
7
13
16
9
18
10
13
17
16
11
15
13
7
14
18
16
18
11
10
22
14
11
19
9
17
7
11
13
15
18
16
15
16
19
21
17
12
18
14
12
13
16
11
20
11
21
17
16
22
16
14
15
11
15
14
20
12
18
11
9
14
17
17
15
24
14
19
10
12
13
18
14
20
12
15
23
13
13
18
17
9
18
12
10
18
10
12
18
12
20
14
16
12
10
13
24
17
13
22
18
17
14
17
9
18
13
13
19
12
17
11
16
20
20
15
19
12
17
18
20
14
11
12
13
9
9
10
12
22
11
19
18
10
12
12
14
17
9
15
22
14
16
20
10
13
10
12
10
15
11
19
24
18
8
16
15
14
18
14
11
17
15
9
14
17
14
16
12
15
13
10
11
13
12
16
19
10
12
16
11
24
10
12
21
15
16
19
14
13
25
11
11
19
16
12
12
13
16
20
15
11
17
16
13
13
15
15
8
11
13
15
21
13
17
10
11
21
13
16
23
11
12
22
16
24
18
12
22
14
15
23
11
14
16
14
13
13
13
18
16
15
17
14
11
18
16
18
13
10
15
11
14
15
9
15
13
17
14
8
16
14
15
15
12
18
17
19
14
13
17
13
26
13
11
14
9
22
16
15
18
15
14
11
13
10
17
18
11
12
16
10
13
13
13
17
14
16
13
14
16
18
22
10
17
19
12
21
22
13
14
11
10
19
10
10
22
15
11
19
11
15
17
12
16
14
20
14
15
11
14
11
13
15
13
10
13
18
12
12
18
13
15
20
14
14
13
8
15
10
13
29
10
13
19
11
13
23
10
12
16
10
11
9
17
9
18
18
12
12
13
8
19
15
16
16
8
9
11
10
10
17
11
16
15
9
11
21
13
16
9
10
9
15
11
14
15
11
18
10
13
18
18
11
15
11
6
25
10
13
17
19
7
9
10
10
12
11
7
21
14
19
22
17
10
14
11
8
13
10
15
15
14
12
15
12
14
16
7
12
26
19
16
13
10
11
23
11
15
17
14
14
13
15
14
22
11
18
11
11
19
16
12
19
12
9
17
11
13
19
13
12
21
13
15
13
17
14
24
