13
11
14
10
13
7
10
11
22
12
10
11
9
10
5
9
15
9
14
11
9
14
15
8
11
12
10
13
9
13
12
15
9
12
10
10
10
12
12
13
16
13
8
17
8
10
14
11
10
14
18
11
14
9
12
18
11
12
22
12
18
16
15
18
11
17
12
17
12
15
7
17
18
11
18
18
13
14
19
11
13
17
9
11
9
10
16
12
9
12
24
13
7
13
16
15
19
11
9
9
15
15
15
14
20
15
8
11
13
8
10
15
13
14
13
15
24
8
17
17
12
11
17
11
5
18
8
17
12
14
16
19
13
17
14
10
20
19
12
26
13
10
21
9
17
15
8
7
27
11
13
13
11
12
21
12
9
14
12
6
10
8
15
15
11
9
13
12
10
9
12
9
11
10
11
16
12
10
23
14
9
21
13
11
12
11
13
12
11
20
14
6
14
8
12
16
16
14
16
9
11
17
16
12
13
8
13
16
11
9
18
12
16
17
9
9
14
10
12
16
12
14
15
13
17
8
16
20
13
14
22
6
14
19
9
17
18
10
7
16
12
13
15
17
7
15
12
14
21
14
13
25
9
10
16
21
16
17
12
13
10
14
8
18
14
9
21
10
21
16
17
18
14
17
27
12
12
18
10
11
14
14
13
15
13
6
21
13
13
20
10
20
22
14
16
14
14
13
13
10
11
17
9
15
18
17
12
16
12
12
22
20
24
18
9
22
15
22
17
13
8
19
11
11
19
16
17
15
14
14
17
12
11
21
10
11
13
10
11
12
18
11
12
13
20
12
16
8
8
11
15
18
17
21
12
12
21
10
13
21
23
16
16
11
17
23
13
16
14
15
11
13
15
11
19
12
19
9
10
15
24
11
12
18
17
13
21
16
16
15
12
13
13
16
16
17
18
22
14
17
13
19
18
17
13
21
22
14
14
19
13
14
22
14
13
16
14
12
17
14
16
17
17
14
17
15
15
20
13
15
14
15
16
20
22
20
18
10
16
20
14
19
18
20
23
21
16
22
16
12
14
23
11
19
13
18
17
6
11
16
15
16
16
15
9
13
15
20
12
12
17
22
15
24
16
18
21
16
14
20
17
12
25
11
12
23
16
16
20
14
14
27
14
19
19
10
13
25
16
18
14
13
20
17
10
18
18
17
10
11
11
12
18
14
14
20
13
14
20
13
26
11
18
21
22
10
26
20
13
25
16
15
13
17
17
16
21
8
21
16
13
14
15
14
13
13
19
18
12
18
21
21
19
19
24
12
14
14
11
20
18
17
16
13
25
10
8
23
7
9
24
13
17
19
17
12
22
12
14
17
12
13
16
14
17
18
13
15
17
27
20
16
22
20
15
13
19
23
23
16
20
19
17
16
20
24
14
20
18
14
15
28
13
17
28
10
19
21
7
13
20
13
14
20
14
16
18
15
18
12
12
13
15
19
12
20
9
13
11
14
6
20
12
15
18
15
17
18
16
24
14
16
19
15
15
20
15
12
16
11
13
21
14
14
23
10
13
19
10
12
17
10
10
18
8
17
21
