39
38
45
35
51
48
45
43
41
39
43
31
33
40
49
35
39
36
42
46
44
35
30
48
31
41
38
37
44
38
45
44
45
33
35
52
45
41
39
40
52
36
43
47
34
41
41
27
48
44
40
38
31
40
44
46
40
38
47
43
33
29
44
47
42
43
42
35
39
51
34
31
45
34
37
35
36
48
33
49
44
43
41
38
48
31
49
42
32
38
45
43
37
36
39
38
47
43
46
28
48
46
45
45
46
33
47
37
36
39
36
42
36
41
36
46
29
45
35
39
35
44
38
46
36
49
46
47
50
36
41
33
34
52
44
39
38
41
42
37
40
36
30
31
32
30
42
32
47
51
38
40
37
31
37
38
41
48
40
36
33
34
36
29
21
28
43
36
40
45
39
41
36
20
39
38
43
39
38
41
34
34
39
32
40
46
36
30
43
34
41
52
38
43
45
35
35
32
42
36
45
28
34
47
34
32
47
46
37
33
36
35
38
48
40
32
34
31
42
45
40
30
31
41
41
38
37
49
39
34
51
38
38
41
43
42
47
34
28
26
47
44
47
43
30
43
35
32
34
43
53
35
30
40
