9
13
18
16
11
22
14
18
18
12
14
19
17
10
22
15
15
14
23
14
23
19
12
20
18
13
10
20
18
10
12
10
13
12
15
15
13
16
16
9
15
10
13
18
16
11
28
13
10
20
11
13
14
13
15
19
14
12
15
9
14
10
15
15
12
14
21
14
11
14
20
16
10
18
10
14
17
11
11
26
12
11
14
11
14
19
17
16
11
15
22
11
10
20
8
12
14
14
11
17
9
13
18
10
8
12
11
9
4
11
13
15
15
10
13
15
14
12
10
9
18
18
12
16
14
17
18
6
14
13
13
16
16
13
26
15
13
20
13
10
11
14
14
27
13
13
9
11
15
18
13
8
17
7
8
4
12
14
13
14
14
18
10
16
17
22
19
21
14
16
16
17
18
17
7
25
12
8
25
13
11
16
16
14
19
9
15
19
16
13
14
15
13
21
13
17
13
11
17
20
11
22
13
12
13
12
17
11
23
13
9
15
14
18
9
14
21
13
12
22
14
12
19
12
14
25
10
9
16
9
19
17
16
12
8
12
12
14
10
21
20
10
11
21
11
13
14
12
17
17
12
12
11
14
10
11
15
26
12
15
24
10
13
19
17
12
19
9
13
25
22
17
14
15
15
15
19
12
18
24
14
15
14
16
21
8
10
16
10
11
13
14
13
20
11
20
17
18
15
20
15
17
9
14
20
13
7
16
13
19
18
9
11
23
10
15
19
12
7
19
13
8
17
13
12
11
16
12
12
11
21
18
17
14
16
11
8
19
11
15
19
17
17
19
9
21
19
13
23
13
12
19
16
18
23
18
16
24
15
11
12
12
11
21
10
9
13
12
14
16
8
14
14
15
11
15
18
10
22
10
15
14
13
17
13
10
17
9
14
25
13
13
19
10
10
11
13
10
23
14
13
14
13
8
17
17
12
19
10
12
14
17
12
17
14
15
20
11
17
14
10
11
14
10
22
15
14
25
16
14
20
13
12
26
15
11
27
10
17
22
8
11
20
12
7
13
6
13
14
14
12
16
13
11
16
7
11
15
16
14
12
17
14
21
9
17
9
13
19
12
7
11
17
15
19
8
11
19
10
14
15
13
11
15
12
7
11
9
9
11
8
8
13
7
14
11
11
12
16
14
11
19
16
16
22
21
18
10
15
14
14
11
20
13
15
22
12
15
24
8
12
16
13
12
20
13
15
16
14
11
16
16
6
15
11
15
12
15
13
14
8
14
15
12
22
15
14
16
14
15
16
12
16
19
13
8
19
12
7
14
12
10
9
8
11
17
9
10
14
15
10
15
12
10
10
14
17
20
11
12
16
13
9
14
9
8
10
11
21
10
13
22
17
9
20
12
14
27
7
10
22
12
9
21
9
8
19
12
10
17
13
13
15
10
12
11
7
15
18
14
12
12
12
20
11
11
11
11
12
8
9
9
23
13
12
25
14
9
21
11
14
21
12
10
24
13
15
27
10
14
14
17
13
13
13
13
10
12
17
21
17
12
20
17
13
16
7
9
20
14
12
11
11
18
17
16
13
16
14
19
12
10
15
21
14
22
13
8
22
12
13
15
19
25
11
15
17
9
6
12
16
