10
6
12
26
9
10
16
10
9
16
13
12
16
13
16
15
14
13
19
9
9
13
16
12
14
10
13
16
8
10
16
7
10
12
17
18
10
11
13
14
9
17
12
8
13
13
10
17
9
6
16
12
9
21
12
13
21
15
13
11
10
8
16
9
12
10
13
12
17
10
12
17
17
16
13
11
13
7
14
14
11
8
22
9
10
19
8
12
9
12
8
17
13
10
18
11
10
14
10
15
15
13
8
14
15
10
12
12
11
12
9
14
15
11
13
23
9
12
11
14
11
17
10
18
13
10
13
11
10
22
16
12
18
9
17
16
7
9
20
14
6
12
12
10
12
9
15
19
12
9
20
14
11
12
11
9
14
11
12
16
10
9
20
12
14
14
9
24
12
13
13
13
13
13
11
12
17
11
10
20
13
8
18
12
11
20
14
10
19
10
10
25
12
18
20
8
13
12
8
12
15
14
10
14
10
13
17
13
6
19
16
7
11
14
10
14
14
18
12
10
16
11
10
20
9
11
17
13
9
20
12
15
10
12
9
17
12
15
15
12
11
14
8
12
15
13
17
17
11
16
14
13
14
12
17
13
14
9
14
14
17
9
12
14
13
16
10
12
15
10
17
16
16
29
11
14
19
10
15
16
13
15
17
9
15
17
9
16
20
8
13
18
12
13
17
13
11
19
13
13
19
14
11
10
11
13
11
12
13
11
11
10
13
13
14
13
10
17
12
13
13
11
14
18
15
14
13
12
15
14
11
12
14
10
14
14
13
15
15
11
11
8
14
12
18
13
14
15
10
10
12
21
7
14
13
9
13
9
16
15
16
22
16
11
15
15
14
19
15
12
22
13
13
19
12
17
14
13
11
27
8
14
18
9
12
23
12
10
17
18
16
18
11
13
11
15
15
22
15
16
14
17
8
17
12
9
14
14
14
15
8
20
13
16
15
18
13
18
9
10
15
12
13
17
8
6
12
8
13
19
16
11
14
11
14
16
11
9
10
13
8
16
17
15
13
15
16
12
14
10
15
14
15
17
13
20
13
12
14
15
9
22
8
13
22
13
12
19
11
13
25
13
10
17
13
7
11
11
14
13
8
12
17
12
18
16
12
15
11
9
12
18
14
16
15
8
14
12
18
14
16
13
17
10
13
19
9
16
15
9
9
24
14
13
21
11
14
19
11
10
12
19
14
12
13
11
16
9
10
15
10
13
13
8
11
20
17
14
22
14
11
17
7
19
16
25
11
15
10
11
15
11
11
13
13
9
14
12
7
16
12
15
12
15
13
10
9
12
9
9
23
14
11
12
12
10
12
12
16
12
15
15
11
14
18
10
15
17
12
13
12
10
12
13
8
22
19
9
12
23
15
13
16
16
9
20
11
16
23
7
8
16
17
13
17
16
18
16
8
17
14
8
22
21
18
13
17
14
12
11
13
10
18
12
12
16
15
9
16
16
13
11
9
24
17
7
29
14
16
21
10
15
21
10
10
17
15
11
21
21
17
18
10
17
9
10
14
17
9
9
14
19
11
15
14
15
20
17
12
11
12
15
9
7
15
11
11
11
12
12
10
13
16
18
14
12
17
9
17
16
13
12
16
10
13
14
8
6
17
20
14
24
16
11
13
13
8
15
13
11
10
11
11
10
6
14
14
11
13
16
11
11
11
17
16
10
13
15
11
17
17
17
