24
14
22
15
19
11
16
14
9
14
10
14
18
16
15
9
20
16
11
13
18
13
19
16
12
14
11
12
10
14
15
13
15
14
9
17
16
18
13
18
15
12
17
19
16
14
11
14
16
19
11
16
20
14
13
9
12
14
17
11
15
20
21
11
19
18
11
13
12
18
9
19
19
15
18
15
15
11
17
17
17
12
22
14
18
19
18
12
17
12
14
16
16
14
15
13
20
18
16
14
23
17
12
23
16
19
12
8
20
13
13
13
16
10
23
21
19
14
11
12
17
17
8
15
25
16
18
16
19
16
9
21
19
24
23
15
16
17
19
12
11
14
14
15
17
14
18
15
12
19
15
15
10
20
20
26
17
15
19
17
15
19
16
12
12
17
21
11
15
29
13
15
17
20
6
24
12
13
19
13
15
17
15
15
24
16
17
20
25
16
20
11
18
18
15
17
24
17
14
15
17
19
19
13
18
15
14
16
17
14
18
15
13
29
17
13
16
15
18
20
14
10
20
11
12
19
17
20
14
20
12
15
11
11
15
13
12
17
7
15
19
15
15
14
15
14
20
11
18
10
19
18
20
11
23
14
10
29
15
13
21
18
13
19
18
13
15
14
21
16
10
14
18
12
12
17
23
16
20
17
12
18
15
19
17
12
14
24
9
13
26
17
15
10
14
11
24
14
19
13
11
18
11
12
20
27
14
26
11
15
19
15
15
20
16
14
14
8
14
20
13
14
14
14
14
17
21
12
10
12
14
14
16
15
19
12
16
16
19
18
11
15
15
18
18
11
14
15
26
10
12
25
18
14
21
16
17
25
15
10
22
15
13
22
9
14
20
16
19
26
12
13
23
16
13
16
21
13
18
17
14
11
11
13
21
10
13
14
12
18
17
14
14
13
12
12
15
18
19
12
19
14
18
19
22
14
15
20
15
14
15
13
11
20
9
17
13
11
9
16
13
18
20
9
11
19
11
12
13
18
19
15
15
18
21
18
23
9
12
21
10
21
21
9
11
25
17
9
22
18
9
24
18
12
16
8
14
18
10
16
22
16
10
13
10
13
16
11
12
18
10
19
10
11
16
20
9
11
10
13
20
16
13
15
16
10
16
14
20
22
17
8
29
16
9
20
16
12
11
18
15
12
11
15
19
14
11
16
12
22
20
16
13
22
20
12
21
10
16
17
10
18
13
15
19
14
14
26
14
14
22
19
15
26
14
12
24
19
24
20
10
10
17
19
12
14
15
13
21
16
9
23
11
18
12
15
14
16
15
15
15
19
13
17
18
16
25
11
16
17
14
23
10
12
17
8
13
14
19
7
22
14
8
16
11
18
16
13
9
24
10
6
15
8
9
24
13
12
17
11
14
21
14
10
13
14
29
15
9
17
15
18
14
15
15
23
17
13
20
18
19
10
17
9
20
11
7
21
13
11
26
13
17
20
14
9
22
15
11
9
13
11
