32
21
18
24
19
18
21
25
15
17
16
12
19
25
18
25
17
17
17
13
20
11
13
15
14
16
21
23
13
23
18
22
21
15
13
21
16
18
20
19
19
14
16
17
19
14
21
20
14
23
14
18
22
23
19
18
12
13
15
18
19
24
17
19
18
17
17
23
16
17
15
16
15
16
16
20
20
15
20
16
17
21
15
19
17
22
18
17
16
21
14
18
22
18
20
12
24
25
13
21
17
20
14
19
11
20
16
20
17
23
24
22
19
13
16
12
17
20
21
18
19
22
12
17
15
21
21
16
20
15
20
20
21
15
21
22
17
14
8
16
27
10
21
21
16
25
11
23
20
17
14
18
19
14
14
18
20
22
16
18
15
16
19
18
19
18
16
13
24
16
16
23
17
13
16
17
21
21
21
15
24
19
18
19
20
20
14
17
18
21
19
20
24
19
17
14
22
14
24
14
18
18
21
19
19
22
23
12
16
13
20
25
18
17
19
27
17
18
27
17
22
22
21
18
14
22
19
28
21
13
15
13
21
18
13
19
19
19
20
22
19
15
13
15
17
24
19
20
22
20
22
23
18
24
21
13
24
20
19
24
20
14
22
13
18
17
17
19
16
17
23
27
20
13
17
13
17
25
17
20
20
12
22
17
16
24
20
19
24
17
17
15
20
18
23
18
19
19
16
17
24
22
14
23
19
16
16
14
19
19
20
15
14
17
12
21
21
18
19
11
18
21
21
17
25
19
23
25
14
13
23
14
20
21
16
27
21
22
29
17
13
21
23
20
24
14
22
16
19
22
20
19
18
29
20
19
22
21
19
22
10
16
21
19
14
16
16
18
23
15
20
27
17
15
21
24
11
16
17
20
23
19
23
18
19
23
16
21
18
17
24
24
17
15
24
15
10
25
19
20
21
20
22
21
21
18
24
17
14
17
13
12
21
20
16
18
15
23
18
17
17
15
16
19
25
14
20
23
17
21
18
17
22
25
21
20
20
22
26
14
19
20
24
19
24
17
17
17
15
21
23
17
25
22
14
12
18
19
18
16
26
19
19
22
18
23
16
15
18
20
17
25
19
22
23
17
27
27
20
22
16
19
14
17
19
27
24
15
17
20
25
19
16
17
16
26
17
21
17
14
16
19
17
21
25
16
25
24
15
12
21
14
17
15
21
18
21
19
16
15
21
15
21
21
25
14
23
24
16
19
21
21
17
20
19
