25
15
22
14
15
13
19
16
14
19
16
18
14
18
19
20
17
14
21
20
29
17
13
18
12
12
14
26
16
12
17
22
16
16
15
17
18
15
27
21
19
24
17
12
24
17
17
22
18
12
28
13
16
12
20
15
25
16
17
19
22
14
19
13
16
15
17
12
16
22
15
17
23
15
12
23
18
16
16
20
17
30
14
22
13
17
20
15
18
20
17
26
15
15
18
12
20
19
16
15
22
18
19
16
15
15
23
21
15
12
18
14
23
14
13
15
17
19
19
20
14
26
16
17
16
16
17
16
16
16
17
18
25
23
18
16
19
14
18
16
17
20
19
21
26
14
14
25
18
19
16
16
21
21
25
18
19
12
20
14
13
20
16
19
19
27
16
21
26
15
21
20
19
14
20
15
15
21
16
17
20
12
22
18
18
22
13
22
17
17
18
22
13
20
20
18
19
27
19
16
23
24
21
20
19
15
15
22
17
17
19
16
17
20
16
17
21
19
19
15
14
19
13
17
21
21
20
14
19
23
18
16
20
25
17
23
19
23
21
25
20
29
18
15
26
17
16
18
20
20
22
20
20
17
16
13
22
15
20
21
23
14
17
12
19
16
13
16
14
10
20
18
23
17
17
17
21
20
16
27
16
22
19
18
15
24
19
17
22
15
13
22
21
19
26
20
18
19
14
16
19
18
20
21
21
17
26
15
27
13
21
17
17
17
14
22
20
17
22
18
19
25
18
20
15
13
23
16
16
20
16
24
32
23
14
21
17
14
18
15
17
20
17
15
18
16
19
15
13
18
20
21
20
13
14
15
24
19
14
17
22
13
20
17
20
23
26
17
22
25
18
19
18
22
19
17
17
19
21
24
20
17
29
14
18
26
13
18
19
23
19
19
18
14
15
14
21
18
18
14
16
16
18
18
20
11
17
12
18
15
16
13
20
24
22
16
14
25
18
12
21
21
20
24
18
16
16
17
17
19
15
14
12
19
18
15
12
18
26
19
25
14
17
15
19
16
15
23
19
18
17
19
17
12
16
22
16
18
17
21
19
14
17
20
21
22
19
22
18
11
19
14
22
22
17
19
17
22
24
20
23
29
14
26
10
21
26
16
11
16
17
17
15
15
15
15
17
17
23
14
21
21
19
20
23
17
22
18
19
16
18
19
24
22
23
15
17
14
34
18
16
24
19
22
14
18
17
25
15
17
17
21
16
17
13
18
21
21
21
17
18
20
14
14
17
16
18
