31
24
26
21
20
31
22
23
17
13
26
27
26
19
23
18
24
21
20
21
17
30
24
29
25
12
21
18
17
36
28
29
22
30
26
16
24
15
25
16
27
23
22
22
32
22
14
28
17
35
23
30
20
28
26
24
18
20
28
26
23
22
21
15
9
23
27
25
23
17
24
18
17
20
31
28
18
26
21
18
29
21
32
27
18
21
23
27
24
18
29
20
20
19
28
23
20
29
29
26
23
25
18
26
21
28
22
36
21
25
25
21
18
27
27
20
17
27
32
25
22
14
10
17
24
25
37
26
17
29
23
29
22
22
23
23
27
28
23
22
30
17
24
20
28
16
18
13
25
13
20
20
21
26
24
17
30
27
26
20
20
26
26
24
34
32
20
16
18
22
29
18
30
28
35
21
22
17
23
31
33
25
26
18
16
28
27
24
29
27
24
26
31
23
21
30
24
15
19
17
23
35
26
32
32
29
12
34
25
30
29
14
25
27
32
30
21
29
26
30
26
23
23
21
24
24
25
26
22
20
20
22
20
31
17
22
29
23
24
22
29
29
22
22
28
25
24
16
23
21
19
28
29
23
18
23
19
24
25
18
24
26
29
38
23
26
18
26
24
24
26
34
32
26
22
16
26
23
24
33
24
25
29
23
26
28
21
19
30
22
27
21
27
41
24
26
30
23
31
24
24
29
19
31
18
24
27
20
19
21
29
23
24
30
25
21
25
23
30
24
23
31
27
34
19
22
27
32
26
23
32
11
24
26
25
20
34
31
27
17
21
19
34
32
31
22
18
22
21
21
31
26
24
24
32
17
34
26
29
25
33
27
29
27
22
36
37
21
35
37
24
27
21
25
30
15
38
25
21
28
24
19
30
32
19
17
29
22
26
26
23
28
13
23
37
27
33
25
30
29
28
25
24
36
16
20
34
11
26
13
16
32
