35
19
24
25
18
28
23
27
22
29
24
32
28
19
22
21
19
29
28
34
30
32
23
23
24
26
32
33
21
22
23
24
16
22
24
17
30
25
21
27
22
21
19
24
19
20
26
27
17
23
21
25
22
28
25
22
23
16
21
27
19
30
24
20
28
23
24
17
22
20
22
18
20
22
19
30
27
31
14
21
25
20
26
18
20
30
20
29
20
25
25
28
34
21
26
19
20
21
23
27
19
32
24
25
24
24
21
23
21
19
21
19
29
17
23
19
27
18
20
23
21
27
19
26
24
23
26
15
22
33
18
30
28
26
29
26
23
28
25
22
24
28
26
18
22
31
25
21
22
28
26
18
19
21
23
21
29
23
27
26
21
25
24
24
31
29
23
33
29
32
22
26
26
25
21
21
23
26
23
29
30
26
35
38
33
18
20
32
12
29
25
24
24
25
33
30
32
27
24
22
16
28
18
18
20
18
32
19
31
25
19
19
24
22
33
33
21
21
26
14
30
21
35
16
13
22
26
27
19
25
21
21
33
18
25
26
31
13
27
32
17
26
28
21
25
27
27
21
36
24
24
26
35
20
19
20
19
31
27
12
24
16
25
16
35
13
27
22
26
29
29
26
25
25
31
24
21
31
33
24
22
18
20
27
23
24
36
33
30
13
23
31
16
21
25
24
27
27
25
24
17
25
25
33
21
42
25
19
28
21
19
23
23
24
24
36
22
23
41
21
17
20
26
29
30
33
26
22
20
17
28
33
21
15
28
17
26
19
17
14
24
21
17
26
22
23
27
22
21
26
14
21
28
19
23
26
25
27
24
14
21
30
20
17
26
40
32
26
24
25
37
25
17
24
21
18
26
25
14
26
25
29
21
20
27
27
23
27
22
24
33
28
24
29
30
35
25
24
32
24
21
27
30
27
25
32
21
29
22
25
20
23
