30
28
26
29
31
37
29
37
35
42
33
20
32
38
23
28
36
34
26
32
34
28
24
27
28
24
32
27
29
33
40
34
29
39
35
35
23
23
28
26
29
32
32
27
37
37
34
31
34
23
38
35
27
24
37
26
21
29
32
27
29
22
28
21
28
26
38
30
37
26
23
24
31
31
31
32
35
27
39
37
30
35
22
27
26
26
27
32
42
33
29
32
30
23
33
39
33
31
33
42
28
24
34
32
23
31
21
31
24
34
27
26
33
21
33
26
30
35
32
35
26
29
42
23
26
28
33
34
35
41
28
35
23
31
31
24
21
41
26
33
26
32
29
34
29
24
25
27
25
31
21
22
24
29
23
33
25
40
30
30
30
34
18
31
30
30
31
28
37
18
36
32
41
28
33
36
30
24
33
34
39
31
29
29
30
33
25
30
33
38
32
33
37
26
32
39
24
35
31
25
28
33
30
32
31
37
25
32
23
21
32
34
33
29
29
35
30
26
26
38
37
31
45
33
32
30
40
35
38
30
30
28
29
36
24
23
32
34
30
28
28
37
24
27
26
37
36
29
32
31
30
35
15
37
28
35
32
33
32
32
39
31
35
24
41
42
30
32
29
39
39
31
33
35
42
22
35
37
35
37
22
39
27
20
34
30
15
39
43
29
37
30
36
38
29
36
25
30
35
34
24
45
35
36
30
31
30
30
37
36
30
33
25
32
27
25
36
25
30
35
34
31
31
37
34
