29
20
21
23
19
31
23
22
23
20
17
23
32
21
27
23
20
25
25
25
27
20
20
23
20
21
32
20
29
19
24
23
22
20
26
29
24
27
23
23
21
26
19
27
20
18
21
18
26
25
27
26
20
19
34
29
17
18
15
19
24
22
18
30
21
23
30
18
25
19
23
27
29
26
22
24
16
19
22
20
19
15
28
20
17
18
25
22
25
21
28
26
25
19
24
26
16
22
20
18
24
22
19
28
21
18
26
20
25
17
18
25
22
18
30
22
24
23
27
22
28
21
23
23
15
23
23
25
27
18
29
19
19
29
27
23
20
23
16
16
24
23
12
21
24
27
38
33
23
24
19
21
31
22
26
23
27
15
21
22
18
18
17
26
27
27
16
15
25
24
26
14
19
23
25
25
24
25
25
15
23
20
18
24
21
22
20
24
18
35
21
21
17
33
29
25
19
23
26
21
24
17
27
30
22
28
21
27
23
28
23
29
16
22
18
25
26
17
19
22
28
15
18
31
25
16
20
21
24
23
28
22
22
16
19
28
34
17
22
33
27
23
27
23
20
19
33
19
25
17
22
20
13
22
24
26
21
23
18
26
25
20
28
25
22
25
16
17
22
23
25
29
23
21
32
30
22
20
27
24
19
23
32
21
18
34
18
30
24
37
29
29
16
28
33
33
26
21
21
27
16
23
28
34
30
18
21
23
23
22
29
20
28
25
24
23
29
22
19
19
22
30
30
26
19
32
28
30
23
25
22
25
23
27
26
26
29
20
23
20
31
29
27
38
30
20
31
27
29
15
23
26
24
25
24
27
20
24
29
25
30
19
22
24
23
21
20
21
27
23
32
33
29
22
35
30
22
24
23
24
26
24
18
24
28
25
22
21
25
20
20
20
31
22
21
20
19
18
26
31
30
16
27
26
24
27
32
17
28
24
30
21
23
27
23
24
18
22
31
23
24
26
20
24
23
35
