18
22
16
16
22
26
16
15
16
12
12
17
20
26
18
22
23
15
11
21
25
13
24
20
17
13
19
15
30
16
16
17
24
17
22
19
18
14
20
17
25
19
20
17
18
20
15
19
17
18
12
14
24
17
17
22
11
17
18
18
9
18
14
18
25
13
16
10
15
19
20
12
18
19
18
17
16
11
16
18
22
20
17
15
16
19
23
13
27
19
19
23
14
18
20
22
21
17
20
19
12
17
22
17
22
20
13
14
16
16
15
23
17
16
27
11
13
20
18
11
19
18
14
17
19
23
22
13
17
15
20
16
20
17
17
17
17
20
18
16
20
17
15
26
25
19
24
15
16
21
18
14
27
17
20
15
19
23
22
27
18
16
17
18
23
16
16
19
14
17
28
18
14
18
19
18
17
22
18
18
15
20
23
16
14
17
20
26
24
17
17
17
16
21
18
15
19
14
17
18
22
17
18
16
18
16
21
16
25
13
23
21
20
18
26
17
26
19
19
14
16
13
13
11
24
13
13
16
18
19
22
21
18
23
27
12
17
19
17
16
20
15
14
19
12
12
12
17
13
13
12
25
21
13
14
24
15
14
9
15
10
19
19
17
24
16
17
22
16
20
15
13
13
17
20
17
23
16
18
15
13
19
21
13
26
19
21
24
19
16
18
19
21
14
19
12
19
16
18
21
15
17
15
15
15
25
11
13
18
20
13
17
14
14
17
16
20
15
15
20
13
14
23
17
17
25
15
13
17
19
17
15
18
15
19
24
21
15
17
17
23
19
13
17
15
22
20
11
13
22
17
20
15
17
17
16
17
25
18
17
18
11
11
22
12
14
21
15
18
23
15
22
16
18
11
21
23
15
25
12
18
15
9
20
23
13
12
22
17
14
17
12
18
15
11
18
14
13
25
16
12
24
22
17
18
19
13
22
13
18
15
12
17
14
12
15
18
20
24
13
11
17
15
12
13
13
13
14
15
13
19
14
17
23
14
17
19
17
18
18
21
23
24
13
18
27
15
14
27
16
13
15
16
18
21
12
19
15
18
17
18
12
20
15
18
21
12
15
19
18
19
27
15
17
23
21
14
22
10
21
15
12
11
19
17
16
16
12
16
12
14
12
21
13
11
23
20
16
15
20
22
12
13
20
13
12
19
19
22
21
19
14
15
16
14
22
14
16
15
16
14
23
10
27
18
10
20
17
22
20
18
15
21
16
14
20
14
21
27
10
6
17
14
18
12
18
14
19
10
15
19
17
22
14
12
13
15
9
20
16
17
20
16
20
17
17
19
18
17
15
18
10
17
26
14
