17
9
16
15
9
9
10
13
11
13
12
7
9
14
10
15
12
11
13
9
17
8
13
11
12
16
10
10
12
16
13
7
20
8
12
15
8
10
13
13
14
13
13
14
13
11
14
10
10
15
9
14
14
11
6
17
10
11
14
10
12
17
10
19
16
7
12
6
9
17
13
14
14
6
10
13
8
10
12
15
10
10
7
11
15
14
10
11
13
16
14
11
8
10
15
13
7
7
10
8
13
7
9
6
9
14
13
14
11
8
15
9
14
14
6
11
16
9
9
12
13
20
13
10
21
8
9
13
6
12
14
11
17
13
11
7
16
9
14
21
10
7
12
10
13
14
10
11
8
9
8
12
12
10
11
7
11
10
12
16
13
11
14
12
15
10
11
15
13
13
12
13
15
8
10
11
13
11
12
12
9
11
14
8
9
17
9
12
19
13
7
14
10
8
13
12
16
15
8
12
12
12
12
10
7
21
9
9
16
7
7
12
11
10
16
7
14
11
13
7
12
11
14
14
10
12
14
11
17
8
14
10
11
14
17
9
16
14
13
15
15
11
11
14
11
13
13
12
14
17
12
16
17
11
13
18
6
19
14
10
17
11
12
24
9
12
21
10
9
14
10
9
21
17
14
15
11
18
12
11
10
17
12
13
18
7
12
16
13
8
14
12
10
18
16
11
16
6
12
15
10
12
19
7
24
17
10
18
15
12
23
20
15
11
12
10
22
12
15
19
12
12
13
13
10
17
9
11
15
12
12
16
12
13
15
11
14
14
13
12
14
10
10
17
16
12
22
12
12
17
11
14
13
13
16
14
11
25
17
13
24
11
14
22
13
14
17
24
15
23
16
8
16
16
11
16
12
8
16
14
16
11
18
12
16
9
11
26
10
12
11
17
18
11
10
23
12
10
12
15
14
21
10
13
19
14
15
18
16
15
15
9
13
14
18
18
15
14
11
15
17
13
13
15
18
15
18
17
11
16
19
14
11
19
12
14
20
7
12
17
12
11
14
13
12
14
11
14
13
11
11
17
15
7
18
11
11
12
14
8
13
17
18
13
13
20
12
18
23
12
13
24
11
9
14
11
10
14
17
14
13
9
11
11
10
14
10
10
14
19
17
10
15
15
9
16
16
21
9
9
20
11
13
20
9
14
15
9
15
22
15
12
19
14
13
15
14
15
11
13
17
18
11
10
12
12
11
18
18
16
17
11
14
16
17
23
13
10
15
13
8
17
9
14
20
21
18
14
13
12
21
13
14
23
14
14
22
14
13
18
9
11
14
11
13
21
14
11
17
16
17
12
11
12
16
16
17
14
11
24
12
13
25
23
11
25
11
10
13
14
11
36
26
19
18
15
10
11
17
19
20
15
14
15
14
6
15
14
8
17
12
9
15
11
13
16
9
13
11
10
12
14
15
23
9
12
25
16
6
20
15
13
23
10
10
24
11
14
26
16
13
14
17
9
15
16
10
16
14
13
16
18
8
14
11
10
15
15
13
15
10
21
15
15
23
10
14
20
12
12
17
13
12
20
11
16
25
8
8
18
12
11
19
14
13
18
14
14
14
14
19
14
18
11
13
14
9
16
11
22
19
12
13
14
11
16
13
20
17
12
12
25
13
11
19
14
8
21
16
20
20
15
11
20
15
12
15
13
15
18
12
8
17
13
14
14
13
16
15
15
