8
10
16
9
16
23
9
7
14
12
10
18
13
18
13
10
17
13
15
14
15
10
19
12
9
19
15
18
16
15
13
12
19
10
15
17
15
15
12
13
19
11
13
14
12
15
16
18
22
15
13
11
19
14
21
21
13
21
13
11
13
22
9
18
10
17
23
8
10
18
19
7
18
18
15
12
9
12
26
13
12
21
14
9
20
21
14
16
17
20
15
13
19
17
22
15
14
11
14
17
11
13
27
13
14
22
20
18
21
20
24
19
18
19
12
13
20
16
14
22
18
12
15
18
13
28
17
15
19
13
20
10
19
12
20
15
22
10
22
13
13
16
14
16
18
18
18
23
14
25
17
18
11
19
23
18
21
21
19
13
29
16
15
22
14
16
20
17
21
9
11
14
19
19
15
15
17
18
15
20
18
19
12
17
18
11
16
19
16
14
13
19
14
17
16
23
16
18
23
26
14
34
9
26
29
12
21
24
15
15
17
11
20
16
15
17
12
10
16
20
16
13
14
20
14
16
25
14
22
18
16
15
15
9
14
17
16
25
21
15
16
17
23
18
27
19
13
16
16
15
14
39
15
14
23
16
20
19
24
17
13
16
23
17
14
17
17
24
20
21
21
18
26
20
14
16
15
26
21
15
15
20
17
10
22
21
18
16
16
21
22
29
25
22
16
34
19
16
28
21
16
25
13
11
18
14
24
27
23
20
17
10
16
21
19
17
24
23
16
19
14
22
17
14
17
20
23
20
18
17
21
20
12
21
21
15
21
26
17
20
15
18
21
19
8
28
17
15
19
23
21
15
16
25
22
15
14
22
14
17
22
15
22
20
21
14
28
22
28
19
23
32
21
17
17
17
14
27
17
10
19
15
19
22
22
16
28
21
8
25
27
22
31
16
20
16
19
22
16
19
21
28
16
16
24
21
19
19
16
17
15
21
25
18
21
19
17
18
38
20
24
37
18
23
24
10
9
21
12
19
19
19
15
11
24
8
18
19
25
18
16
16
23
21
18
20
23
20
15
27
24
22
32
22
21
19
26
19
23
20
19
18
24
31
22
17
20
13
20
10
13
14
16
29
28
15
15
15
19
21
23
19
19
19
13
32
20
11
28
17
25
27
21
20
24
22
41
17
31
17
22
21
18
36
20
16
21
21
19
19
21
22
22
17
20
19
16
31
28
19
21
32
25
25
14
16
23
14
21
24
19
19
15
14
22
24
24
12
19
25
22
24
14
16
24
18
10
18
