26
21
17
21
28
16
33
27
13
31
31
19
21
27
19
18
21
16
23
20
20
26
26
21
18
23
21
30
26
22
20
20
26
20
26
20
21
19
18
17
16
20
17
22
17
20
26
22
24
24
23
14
35
19
23
30
25
21
25
24
20
19
25
14
26
23
19
13
26
23
21
21
17
25
20
22
30
18
24
29
24
21
32
22
18
21
22
19
23
26
24
12
20
23
18
20
30
30
24
18
26
23
18
25
23
21
22
18
30
16
23
15
21
28
24
24
18
26
20
20
23
17
17
20
29
24
25
23
26
25
24
28
20
15
25
16
22
14
19
22
21
17
20
23
25
28
19
19
23
24
21
15
25
23
21
23
21
21
29
23
21
17
18
23
18
22
16
28
25
20
23
26
26
12
20
25
25
29
23
21
20
18
25
30
19
15
19
23
20
23
18
16
32
24
26
29
20
21
15
21
15
29
21
28
24
15
19
13
23
21
21
24
21
22
24
23
11
23
31
23
27
20
19
29
31
22
23
21
18
32
27
19
21
19
26
18
20
23
23
16
24
17
21
17
24
31
15
22
26
34
23
20
19
31
25
23
27
20
21
30
19
30
20
30
27
27
14
24
16
32
23
19
22
17
20
22
30
16
23
16
22
13
27
21
20
23
15
28
24
17
25
25
17
20
21
11
18
18
23
25
24
16
30
31
19
29
20
22
30
26
27
31
20
21
18
24
17
31
19
18
24
19
24
27
31
23
27
30
17
24
25
25
26
23
20
26
21
25
18
17
28
17
21
30
24
16
24
23
19
28
29
20
21
21
21
31
25
24
22
22
16
29
23
25
20
25
18
30
27
17
26
22
24
29
21
24
22
20
29
19
20
27
23
16
27
20
21
25
26
27
23
23
33
36
43
28
27
27
20
37
20
22
30
24
23
30
28
23
19
29
17
28
19
30
23
22
26
14
17
26
22
23
26
17
25
26
29
20
26
18
22
18
21
23
30
18
18
22
19
21
20
24
22
