42
42
36
36
39
38
35
44
38
39
36
33
43
39
54
43
30
36
42
43
40
42
34
39
40
44
43
43
42
39
49
42
29
33
40
37
30
45
41
40
43
36
42
40
45
41
40
44
38
49
26
45
40
34
34
39
38
32
28
29
34
57
40
41
38
38
36
41
34
40
31
42
37
39
36
44
43
34
39
34
35
38
37
32
43
31
41
38
35
34
35
34
28
38
39
33
44
36
35
38
43
37
42
40
36
32
33
45
37
43
39
36
31
34
49
51
41
43
39
40
46
46
39
38
38
41
54
42
41
37
43
38
35
39
38
44
41
39
34
37
29
40
48
36
33
38
42
42
43
36
37
37
33
44
35
31
49
28
39
39
46
44
26
47
25
43
37
36
46
41
40
45
52
35
43
34
29
45
36
37
30
28
41
46
44
28
40
36
42
36
32
47
35
47
45
48
46
52
43
38
50
42
37
39
35
29
41
34
35
45
45
41
32
42
48
26
30
28
37
50
32
48
34
29
43
36
33
36
33
39
36
45
44
36
39
36
39
33
30
38
44
39
43
27
30
35
35
37
47
52
35
35
39
44
46
45
39
28
