22
17
26
20
17
24
32
23
31
24
17
21
20
25
25
25
28
25
22
22
15
25
29
27
26
27
28
17
21
28
23
26
30
19
24
29
33
19
28
28
35
24
21
21
25
19
26
33
29
22
24
29
23
28
26
25
36
28
16
21
24
16
26
21
22
27
25
24
20
26
20
23
31
23
28
23
25
21
17
27
24
27
21
20
32
21
24
20
24
15
27
32
23
25
24
17
22
18
26
21
24
30
21
25
25
30
24
25
20
19
18
34
23
20
21
16
17
24
26
29
18
25
23
23
27
24
26
22
27
19
26
26
28
21
35
24
29
24
23
22
25
20
17
23
18
19
33
19
26
28
27
22
26
27
26
20
18
15
31
33
21
23
19
23
24
22
21
24
28
17
26
24
21
31
27
33
20
33
27
26
18
29
27
17
25
23
25
31
28
24
26
22
20
25
24
22
33
23
17
24
25
23
22
31
21
20
19
22
31
20
35
27
27
20
22
26
26
24
28
21
23
21
31
18
20
26
17
24
28
22
23
25
27
30
32
27
24
27
33
20
22
25
24
25
34
24
31
25
24
31
22
23
22
26
26
30
25
26
31
21
22
34
22
23
26
21
29
33
24
27
22
26
28
27
23
31
19
20
25
20
21
23
27
26
31
16
25
15
26
24
21
18
25
24
24
27
29
30
18
23
20
26
26
28
35
24
25
30
29
19
28
30
20
31
26
25
37
23
25
27
24
18
30
24
22
21
26
34
24
16
31
31
21
17
30
23
32
16
19
26
25
38
20
21
30
28
28
16
35
17
28
26
34
19
31
20
27
37
22
23
24
26
18
25
20
30
27
30
23
25
17
33
22
25
30
26
32
19
25
19
24
24
23
28
29
27
29
20
22
34
28
30
22
27
16
26
29
21
27
26
27
33
28
20
27
23
